------2024-11-19 15:33:28.383--------
72433754,72433755,72434603,72436331,72436549,72436568,72436582,72436590,72436596,72436603,72436682,72436686,72436688,72436691,72436698,72436706,72436721,72436842,72436845,72436851,72436874,72436921,72436962,72436971,72436978,72436997,72437051,72437301,72437318,72437413
Mismatch Out of above
------2024-11-19 15:33:28.870--------
72437454,72437498,72437666,72437747,72437750,72437966,72437993,72438148,72438211,72438254,72438340,72438349,72438425,72438799,72438810,72438856,72438930,72439058,72439165,72439181,72439254,72439275,72439319,72439746,72439748,72439797,72440034,72440050,72440487,72440643
Mismatch Out of above
------2024-11-19 15:33:29.316--------
72440663,72440714,72440751,72440779,72697690,72704399,72800496,73002201,73028029,73031157,73038996,73055879,73081651,73087821,73170949,73709159,73761603,73796594,73809162,73931774,80155846,80470023,80579993,80591494,80594861,80638002,80641209,80685102,81401704,83774959
Mismatch Out of above
------2024-11-19 15:33:29.926--------
84065829,84069048,87183856,88753794,88753825,88853870,95275544,95282042,95548159,97681928,97685157,97702915,97702922,97702933,97702935,97702937,97702976,97702986,97702987,97702988,97702989,97702990,97702997,97702999,97703002,97703028,97703103,97703127,97703139,97703166
Mismatch Out of above
------2024-11-19 15:33:30.357--------
97703237,97703249,97703250,97703251,97703252,97703290,97703305,97703310,97703311,97703312,97703313,97703315,97703317,97703321,97703322,97703355,97703367,97703368,97703369,97703370,97703379,97703381,97703382,97703383,97703384,97703385,97703386,97703390,97703391,97703392
Mismatch Out of above
------2024-11-19 15:33:30.791--------
97703393,97703397,97703403,97703404,97703405,97703421,97703428,97703429,97703430,97703431,97703445,97703447,97703458,97703514,97703517,97703522,97703526,97703530,97703531,97703532,97703533,97703536,97703538,97703539,97703555,97703585,97703614,97703627,97703654,97703658
Mismatch Out of above
------2024-11-19 15:33:31.523--------
97703687,97703693,97703735,97703750,97703755,97703761,97703775,97703781,97703801,97703828,97703829,97703830,97703831,97703836,97703851,97703852,97703871,97703873,97703875,97703876,97703915,97703919,97703921,97703966,97703967,97703968,97703969,97703991,97704002,97704042
Mismatch Out of above
------2024-11-19 15:33:31.984--------
97704061,97704130,97704132,97704141,97704163,97704167,97704176,97704180,97704182,97704191,97704192,97704194,97704224,97704228,97704234,97704242,97704247,97704256,97704257,97704262,97704263,97704266,97704275,97704290,97704293,97704298,97704326,97704327,97704331,97704382
Mismatch Out of above
------2024-11-19 15:33:32.391--------
97704383,97704384,97704385,97704386,97704387,97704416,97704417,97704420,97704421,97704422,97704424,97704482,97704507,97704511,97704512,97704516,97704517,97704521,97704530,97704533,97704617,97704618,97704619,97704620,97704621,97704622,97704629,97704632,97704633,97704642
Mismatch Out of above
------2024-11-19 15:33:32.842--------
97704655,97704658,97704664,97704666,97704689,97704690,97704691,97704697,97704721,97704722,97704723,97704724,97704725,97704726,97704727,97704728,97704729,97704752,97704772,97704773,97704774,97704782,97704783,97704784,97704787,97704801,97704805,97704821,97704837,97704856
Mismatch Out of above
------2024-11-19 15:33:33.434--------
97704858,97704933,97704940,97704950,97704954,97704978,97704995,97704998,97705010,97705030,97705041,97705059,97705063,97705070,97705071,97705073,97705079,97705082,97705103,97705104,97705110,97705170,97705172,97705175,97705177,97705186,97705195,97705198,97705223,97705226
Mismatch Out of above
------2024-11-19 15:33:33.849--------
97705265,97705266,97705267,97705271,97705287,97705288,97705317,97705321,97705338,97705348,97705349,97705351,97705352,97705377,97705378,97705379,97705380,97705381,97705382,97705385,97705386,97705387,97705388,97705522,97705524,97705546,97705549,97705568,97705569,97705583
Mismatch Out of above
------2024-11-19 15:33:34.288--------
97705611,97705637,97705652,97705664,97705665,97705666,97705686,97705903,97706008,97706012,97706025,97706043,97706044,97706049,97706052,97706058,97706060,97706061,97706109,97706274,97706585,97706885,97706892,97706893,97706896,97706902,97707055,97707499,97710371,97940366
Mismatch Out of above
------2024-11-19 15:33:34.738--------
97943616,97946904,97950178,97960217,97963518,97966842,97970166,97973487,97977467,97980141,97983467,97987443,97990767,97993464,97999945,98003247,98006835,98013481,98017267,98022661,98026353,98030815
Mismatch Out of above
------2024-11-27 11:53:38.603--------
6265265,9008847,9009027,10511932,10512044,10512058,10512060,10512084,10512096,10512110,10512180,10512194,10512214,10512256,10512266,10512282,10512314,10512410,10512494,10512590,10512776,10512888,10512898,10512932,10512946,10513000,10513008,10513118,10513404,10513420
Mismatch Out of above
------2024-11-27 11:53:44.989--------
10513476,10513656,10513658,10513698,10513700,10513840,10513842,10513912,10513914,10513948,10513962,10514120,10514164,10514166,10514192,10514308,10514416,10514464,10514508,10514510,10514514,10514520,10514556,10514570,10514598,10514602,10514604,10514628,10514634,10514664
Mismatch Out of above
------2024-11-27 11:53:51.663--------
10514680,10514786,10514796,10514818,10514832,10514834,10514836,10514840,10514862,10514926,10514928,10514930,10514932,10514934,10514980,10514990,10515034,10515096,10515154,10515202,10515204,10515206,10515296,10515324,10515404,10515430,10515508,10515560,10515568,10515588
Mismatch Out of above
------2024-11-27 11:53:58.217--------
10515596,10515624,10515648,10515702,10515736,10515744,10515852,10516022,10516236,10516238,10516334,10516448,10516490,10516500,10516542,10516596,10516608,10516648,10516674,10516756,10516798,10516902,10516916,10517018,10517022,10517060,10517070,10517248,10517300,10517334
Mismatch Out of above
------2024-11-27 11:54:04.779--------
10517344,10517408,10517416,10517472,44005679,44005681,44005899,44006683,44006805,44007381,44007383,55959049,61373615,61699791,61874278,61955869,61961569,61967269,61975823,61981637,62008129,62015235,62020935,62032411,62051989,62057689,62063431,62215447,62239163,62245015
Mismatch Out of above
------2024-11-27 11:54:11.408--------
62250871,62256727,62262579,62268435,62274287,62280139,62285991,62291847,62297699,62303551,62321117,62426601,62485927,62513211,62518913,62530355,62536095,62547543,62549541,62555355,62573261,62587091,62604533,62614057,62625547,62635675,62662141,62667843,62673675,62800673
Mismatch Out of above
------2024-11-27 11:54:18.047--------
62806417,62812121,63510065,63528335,63546947,63553109,63559739,63565453,63579155,63598967,63606145,63611855,63621331,63633221,63649045,63655649,63661405,63667151,63679769,63829260,63832149,63841095,63925901,63971663,64357912,64641382,64655388,64675894,64693262,64708105
Mismatch Out of above
------2024-11-27 11:54:25.101--------
65785211,65791098,65797660,65801379,65804301,65809574,65814475,65835507,65839477,65848214,67644889,67847125,67851352,67855086,67858207,67861305,67864403,67868136,67871234,67874832,67877930,67881028,67887130,67893255,67896353,67899476,67902597,67905695,67908793,67911891
Mismatch Out of above
------2024-11-27 11:54:31.722--------
67917995,67921116,68494093,68503560,68566011,68572111,68622174,68775254,68778716,68829446,68890956,69080589,69089764,69092822,69135402,69184717,69253385,69262766,69466364,69477338,69526822,69553740,69576768,69627565,69630595,69658973,69662003,69676045,69679077,69692620
Mismatch Out of above
------2024-11-27 11:54:38.342--------
69695686,69705669,69708701,69725896,69746542,69755635,70584212,71171823,72489964,72696437,72703137,72799243,73169696,73174771,82890181,9005967,9006057,9006147,9006237,9006327,9006417,9006507,9006597,9006687,9006777,9006867,9006957,9007047,9007227,9007317
Mismatch Out of above
------2024-11-27 11:54:44.978--------
9007407,9007497,9007587,9007677,9007767,9007857,9007947,9008037,9008307,9008397,9008487,9008577,9008667,9008757,10511784,10511808,10511976,10514410,10514524,10516432,10516872,44005133,44005137,44005147,44005183,44005219,44005301,44005331,44005333,44005363
Mismatch Out of above
------2024-11-27 11:54:51.566--------
44005383,44005393,44005459,44005573,44005577,44005665,44005719,44005721,44005777,44005893,44005895,44005915,44006017,44006043,44006045,44006063,44006065,44006067,44006077,44006105,44006181,44006189,44006205,44006209,44006277,44006339,44006357,44006365,44006389,44006393
Mismatch Out of above
------2024-11-27 11:54:58.352--------
44006405,44006417,44006421,44006445,44006447,44006449,44006471,44006581,44006595,44006629,44006639,44006641,44006687,44006699,44006755,44006757,44006819,44006823,44006899,44007015,44007019,44007105,44007109,44007111,44007217,44007239,44007269,44007271,44007275,44007331
Mismatch Out of above
------2024-11-27 11:55:04.954--------
44007343,44007345,44007525,44007561,44007947,44008099,56201247,56206863
Mismatch Out of above
------2024-11-27 11:55:44.836--------
55651547,55651745,55652097,55652123,55652125,55652157,55652165,55652189,55652191,55652199,55652227,55652253,55652477,55652487,55652489,55652541,55652545,55652567,55652641,55652643,55652655,55652663,55652665,55652707,55652747,55652841,55652853,55652855,55652867,55652901
Mismatch Out of above
------2024-11-27 11:55:51.213--------
55652911,55652921,55652923,55652945,55653021,55653067,55653083,55653093,55653097,55653161,55653189,55653195,55653219,55653221,55653233,55653235,55653257,55653321,55653365,55653425,55653533,55653535,55653539,55653541,55653633,55653637,55653651,55653761,55653773,55653775
Mismatch Out of above
------2024-11-27 11:55:57.785--------
55653845,55653855,55653881,55653885,55653981,55654023,55654045,55654049,55654051,55654091,55654209,55654241,55654347,55654397,55654417,55654421,55654491,55654533,55654543,55654605,55654685,55654697,55654771,55654781,55654785,55654883,55654905,55655025,55655035,55655095
Mismatch Out of above
------2024-11-27 11:56:04.371--------
55655113,55655145,55655151,55655203,55655205,55655349,55655353,55655501,55655753,55655797,55655801,55655833,55655863,55655907,55655927,55655947,55655955,55655969,55655991,55656047,55656117,55656141,55656187,55656201,55656303,55656317,55656331,55656443,55656479,55656505
Mismatch Out of above
------2024-11-27 11:56:10.973--------
55656515,55656575,55656595,55656609,55656611,55656629,55656637,55656651,55656687,55656693,55656711,55656713,55656717,55656775,55656783,55656791,55656793,55656815,55656903,55656927,55656941,55656949,55656995,55657043,55657173,55657175,55657177,55657179,55657193,55657209
Mismatch Out of above
------2024-11-27 11:56:17.594--------
55657223,55657261,55657343,55657363,55657471,55657493,55657537,55657539,55657719,55657731,55657749,55657777,55657803,55657863,55657913,55657981,55658107,55658353,55658387,55658417,55658469,55658487,55658493,55658585,55658701,55658845,55658959,55659087,55659099,55659155
Mismatch Out of above
------2024-11-27 11:56:24.190--------
55659159,55659165,55659259,55659283,55659285,55659295,55659305,55659313,55659375,55659395,55659411,55959083,56201281,56206897,61379277,61699795,61874284,61955873,61961573,61967273,61975827,61981641,62008133,62015239,62020939,62032415,62051993,62057693,62063435,62221109
Mismatch Out of above
------2024-11-27 11:56:30.789--------
62244825,62250677,62256533,62262389,62268245,62274097,62279949,62285801,62291653,62297509,62303361,62309213,62326779,62432267,62491589,62513215,62518917,62530359,62536099,62547547,62555203,62561017,62578923,62586939,62592753,62610195,62614061,62625551,62629739,62641337
Mismatch Out of above
------2024-11-27 11:56:37.418--------
62662145,62667847,62673679,62800677,62806421,62812125,63510069,63528339,63546951,63553113,63559743,63565457,63579159,63598971,63606149,63611859,63621335,63633225,63649049,63655653,63661409,63667155,63679773,63829262,63832151,63841097,63865657,63865801,63865802,63865823
Mismatch Out of above
------2024-11-27 11:56:44.197--------
63865833,63865834,63865840,63865846,63865847,63865878,63865880,63865888,63865907,63865934,63925903,63971665,64357914,64641384,64655390,64675896,64693264,64708107,65785213,65791100,65797662,65801381,65804303,65809576,65814477,65835509,65839479,65848216,67645882,67849955
Mismatch Out of above
------2024-11-27 11:56:50.777--------
67854183,67857939,67861037,67864135,67867233,67870966,67874064,67877662,67880760,67883858,67889960,67896085,67899183,67902306,67905427,67908525,67911623,67914721,67920848,67923946,68495086,68504553,68567004,68573104,68623167,68776247,68780708,68830439,68891949,69081582
Mismatch Out of above
------2024-11-27 11:56:57.403--------
69090757,69093815,69136395,69185710,69254378,69263759,69467357,69478331,69527815,69554733,69577761,69628558,69631588,69659966,69662996,69677038,69680070,69693613,69696679,69706662,69709694,69726889,69747535,69756628,70585205,71172816,72490957,72697430,72704140,72800236
Mismatch Out of above
------2024-11-27 11:57:03.998--------
72953990,73170689,73176841,80155598,82890860
Mismatch Out of above
------2024-11-27 11:57:43.396--------
60676679,60677167,60677513,60677925,60677927,60678069,60678097,60678105,60678123,60678125,60678133,60678161,60678187,60678285,60678399,60678401,60678469,60678479,60678483,60678485,60678581,60678585,60678609,60678687,60678691,60678703,60678711,60678713,60678759,60678799
Mismatch Out of above
------2024-11-27 11:57:49.903--------
60678925,60678929,60678945,60678947,60678957,60678977,60678995,60679009,60679013,60679021,60679023,60679043,60679123,60679169,60679185,60679195,60679199,60679267,60679295,60679301,60679323,60679325,60679337,60679339,60679423,60679427,60679455,60679475,60679531,60679643
Mismatch Out of above
------2024-11-27 11:57:56.481--------
60679645,60679649,60679651,60679751,60679755,60679761,60679995,60680007,60680009,60680085,60680093,60680123,60680127,60680217,60680259,60680285,60680289,60680471,60680573,60680601,60680671,60680739,60680743,60680777,60680813,60680823,60680871,60680887,60680943,60681023
Mismatch Out of above
------2024-11-27 11:58:03.066--------
60681031,60681035,60681117,60681137,60681237,60681245,60681309,60681315,60681365,60681367,60681465,60681469,60681527,60681653,60681675,60681677,60681701,60681719,60681739,60681749,60681759,60681763,60681771,60681779,60681801,60681853,60681875,60681909,60681923,60682007
Mismatch Out of above
------2024-11-27 11:58:09.637--------
60682019,60682027,60682121,60682151,60682177,60682187,60682239,60682255,60682267,60682269,60682281,60682289,60682299,60682331,60682337,60682355,60682357,60682361,60682415,60682421,60682429,60682433,60682451,60682529,60682549,60682559,60682567,60682605,60682633,60682651
Mismatch Out of above
------2024-11-27 11:58:16.196--------
60682751,60682753,60682755,60682757,60682767,60682783,60682797,60682829,60682897,60682905,60683013,60683031,60683069,60683071,60683231,60683247,60683279,60683295,60683355,60683389,60683405,60683445,60683557,60683743,60683763,60683791,60683831,60683845,60683851,60683937
Mismatch Out of above
------2024-11-27 11:58:22.774--------
60684035,60684169,60684271,60684387,60684397,60684453,60684457,60684463,60684547,60684573,60684575,60684585,60684595,60684603,60684657,60684675,60684691,60684855,60684857,61379373,61699829,61874335,61955907,61961607,61967307,61975861,61981675,62008167,62015273,62020973
Mismatch Out of above
------2024-11-27 11:58:29.386--------
62032449,62052027,62057727,62063469,62221203,62244919,62250771,62256627,62262483,62268339,62274191,62280043,62285895,62291747,62297603,62303455,62309307,62326873,62432361,62491683,62513249,62518951,62530393,62536133,62547581,62555297,62561111,62579017,62587033,62592847
Mismatch Out of above
------2024-11-27 11:58:35.974--------
62610289,62614095,62625585,62629833,62641431,62662179,62667881,62673713,62800711,62806455,62812159,63510103,63528373,63546985,63553147,63559777,63565491,63579193,63599005,63606183,63611893,63621369,63633259,63649083,63655687,63661443,63667189,63679807,63829279,63832168
Mismatch Out of above
------2024-11-27 11:58:42.548--------
63841114,63847248,63847269,63847304,63847323,63847324,63847344,63847370,63847386,63847391,63847392,63847447,63925920,63971682,64357931,64641401,64655407,64675913,64693281,64708124,65785230,65791117,65797679,65801398,65804320,65809593,65814494,65835526,65839496,65848233
Mismatch Out of above
------2024-11-27 11:58:49.105--------
67645919,67850002,67854230,67857986,67861084,67864182,67867280,67871013,67874111,67877709,67880807,67883905,67890007,67896132,67899230,67902353,67905474,67908572,67911670,67914768,67920895,67923993,68495123,68504590,68567041,68573141,68623204,68776284,68780745,68830476
Mismatch Out of above
------2024-11-27 11:58:55.693--------
68891986,69081619,69090794,69093852,69136432,69185747,69254415,69263796,69467394,69478368,69527852,69554770,69577798,69628595,69631625,69660003,69663033,69677075,69680107,69693650,69696716,69706699,69709731,69726926,69747572,69756665,70585242,71172853,72490994,72697467
Mismatch Out of above
------2024-11-27 11:59:02.418--------
72704177,72800273,72948023,72954086,73170726,73176878,80155628,82890897
Mismatch Out of above
------2024-11-27 11:59:39.340--------
74433392,74433393,74433394,74433691,74433692,74433824,74433969,74434088,74434231,74434232,74434233,74434235,74434236,74434240,74434242,74434245,74434246,74434251,74434252,74434255,74434256,74434270,74434278,74434283,74434285,74434289,74434299,74434302,74434322,74434331
Mismatch Out of above
------2024-11-27 11:59:45.768--------
74434340,74434341,74434344,74434368,74434378,74434389,74434390,74434413,74434424,74434425,74434440,74434443,74434657,74434926,74434927,74434929,74434930,74434931,74434932,74434933,74434934,74434935,74434937,74435142,74435148,74435150,74435156,74435160,74435244,74435258
Mismatch Out of above
------2024-11-27 11:59:52.343--------
74435265,74435266,74435267,74435268,74435294,74435295,74435296,74435297,74435298,74435299,74435300,74435301,74435302,74435303,74435304,74435306,74435307,74435308,74435309,74435311,74435312,74435403,74435404,74435405,74435406,74435407,74435408,74435410,74435411,74435412
Mismatch Out of above
------2024-11-27 11:59:58.917--------
74435413,74435414,74435415,74435416,74435417,74435418,74435419,74435420,74435421,74435422,74435423,74435424,74435425,74435426,74435427,74435428,74435439,74435440,74435605,74435745,74435746,74435747,74435748,74435751,74435752,74435753,74435759,74435760,74435761,74435763
Mismatch Out of above
------2024-11-27 12:00:05.506--------
74435764,74435770,74435771,74435772,74435778,74435888,74436019,74436041,74436219,74436220,74436235,74436236,74436237,74436238,74436250,74436262,74436266,74436275,74436276,74436279,74436295,74436303,74436333,74436393,74436394,74436427,74436432,74436434,74436435,74436470
Mismatch Out of above
------2024-11-27 12:00:12.360--------
74436498,74436500,74436509,74436549,74436551,74436557,74436561,74436562,74436581,74436586,74436587,74436657,74436659,74436668,74436674,74436680,74436687,74436692,74436695,74436697,74436707,74436739,74436753,74436759,74436764,74436766,74436794,74436809,74436818,74436819
Mismatch Out of above
------2024-11-27 12:22:11.496--------
43698099,43698201,43698231,43698303,43698355,43698373,43698377,43698411,43698447,43698457,43698515,43698531,43698587,43698663,43698671,43698771,43698791,43698893,43698901,43698945,43698959,43698975,43698981,43699029,43699131,43699135,43699191,43699315,43699337,43699339
Mismatch Out of above
------2024-11-27 12:22:17.890--------
43699347,43699367,43699389,43699397,43699407,43699411,43699415,43699423,43699445,43699495,43699517,43699555,43699567,43699649,43699663,43699675,43699775,43699807,43699833,43699841,43699893,43699913,43699927,43699929,43699937,43699985,43700009,43700011,43700015,43700069
Mismatch Out of above
------2024-11-27 12:22:24.462--------
43700077,43700085,43700089,43700105,43700175,43700197,43700207,43700215,43700253,43700297,43700403,43700405,43700407,43700409,43700419,43700435,43700449,43700485,43700543,43700551,43700655,43700671,43700709,43700711,43700853,43700865,43700879,43700913,43700929,43700987
Mismatch Out of above
------2024-11-27 12:22:31.043--------
43701019,43701035,43701071,43701157,43701333,43701355,43701381,43701419,43701433,43701439,43701525,43701757,43701865,43701979,43702035,43702039,43702045,43702131,43702157,43702159,43702169,43702179,43702187,43702243,43702261,43702275,55597901,55597905,55597915,55597951
Mismatch Out of above
------2024-11-27 12:22:37.829--------
55597987,55598069,55598099,55598101,55598131,55598151,55598161,55598227,55598341,55598345,55598433,55598447,55598449,55598487,55598489,55598545,55598661,55598663,55598667,55598683,55598785,55598811,55598813,55598831,55598833,55598835,55598845,55598873,55598949,55598957
Mismatch Out of above
------2024-11-27 12:22:44.379--------
55598973,55598977,55599045,55599107,55599125,55599133,55599157,55599161,55599173,55599185,55599189,55599213,55599215,55599217,55599239,55599349,55599363,55599397,55599407,55599409,55599451,55599455,55599467,55599523,55599525,55599573,55599587,55599591,55599667,55599783
Mismatch Out of above
------2024-11-27 12:22:50.922--------
55599787,55599873,55599877,55599879,55599985,55600007,55600037,55600039,55600043,55600099,55600111,55600113,55600149,55600151,55600293,55600329,55600715,55600867,55959043,56201241,56206857,61379269,61699769,61874245,61955847,61961547,61967247,61975801,61981615,62008107
Mismatch Out of above
------2024-11-27 12:22:57.463--------
62015213,62020913,62032389,62051967,62057667,62063409,62221101,62244817,62250669,62256525,62262381,62268237,62274089,62279941,62285793,62291645,62297501,62303353,62309205,62326771,62432259,62491581,62513189,62518891,62530333,62536073,62547521,62555195,62561009,62578915
Mismatch Out of above
------2024-11-27 12:23:04.016--------
62586931,62592745,62610187,62614035,62625525,62629731,62641329,62662119,62667821,62673653,62800651,62806395,62812099,63510043,63528313,63546925,63553087,63559717,63565431,63579133,63598945,63606123,63611833,63621309,63633199,63649023,63655627,63661383,63667129,63679747
Mismatch Out of above
------2024-11-27 12:23:10.728--------
63829249,63832138,63841084,63867174,63867175,63867207,63867213,63925890,63971652,64357901,64641371,64655377,64675883,64693251,64708094,65785200,65791087,65797649,65801368,65804290,65809563,65814464,65835496,65839466,65848203,67645879,67849951,67854179,67857935,67861033
Mismatch Out of above
------2024-11-27 12:23:17.291--------
67864131,67867229,67870962,67874060,67877658,67880756,67883854,67889956,67896081,67899179,67902302,67905423,67908521,67911619,67914717,67920844,67923942,68495083,68504550,68567001,68573101,68623164,68776244,68780705,68830436,68891946,69081579,69090754,69093812,69136392
Mismatch Out of above
------2024-11-27 12:23:23.852--------
69185707,69254375,69263756,69467354,69478328,69527812,69554730,69577758,69628555,69631585,69659963,69662993,69677035,69680067,69693610,69696676,69706659,69709691,69726886,69747532,69756625,70585202,71172813,72490954,72697427,72704137,72711202,72800233,73170686,73176838
Mismatch Out of above
------2024-11-27 12:23:30.394--------
80155595,82890857
Mismatch Out of above
------2024-11-27 12:24:07.418--------
62151641,62151645,62151647,62151649,62151653,62151655,62151657,62151661,62151663,62151665,62151667,62151669,62151693,62151699,62152665,62153139,62153481,62153885,62153887,62153997,62154025,62154035,62154053,62154055,62154063,62154091,62154119,62154221,62154339,62154341
Mismatch Out of above
------2024-11-27 12:24:13.797--------
62154403,62154409,62154413,62154415,62154511,62154515,62154539,62154617,62154621,62154633,62154641,62154643,62154689,62154717,62154733,62154851,62154855,62154873,62154875,62154887,62154907,62154925,62154937,62154941,62154949,62154951,62154971,62155053,62155099,62155115
Mismatch Out of above
------2024-11-27 12:24:20.419--------
62155125,62155129,62155197,62155225,62155231,62155253,62155255,62155267,62155269,62155293,62155355,62155359,62155387,62155407,62155465,62155571,62155573,62155577,62155579,62155681,62155685,62155691,62155915,62155927,62155929,62156003,62156011,62156041,62156045,62156137
Mismatch Out of above
------2024-11-27 12:24:26.973--------
62156179,62156207,62156211,62156213,62156407,62156509,62156537,62156607,62156659,62156675,62156679,62156717,62156753,62156763,62156815,62156831,62156887,62156897,62156969,62156977,62157065,62157085,62157185,62157249,62157265,62157271,62157321,62157323,62157421,62157425
Mismatch Out of above
------2024-11-27 12:24:33.539--------
62157491,62157615,62157637,62157639,62157663,62157681,62157699,62157709,62157719,62157723,62157731,62157739,62157761,62157815,62157839,62157873,62157887,62157965,62157977,62157985,62158069,62158097,62158121,62158131,62158183,62158199,62158211,62158213,62158225,62158277
Mismatch Out of above
------2024-11-27 12:24:40.085--------
62158301,62158303,62158307,62158361,62158367,62158375,62158379,62158393,62158467,62158487,62158497,62158505,62158543,62158571,62158587,62158685,62158687,62158689,62158691,62158693,62158703,62158719,62158733,62158761,62158831,62158841,62158947,62158965,62159003,62159005
Mismatch Out of above
------2024-11-27 12:24:46.641--------
62159155,62159167,62159183,62159215,62159229,62159289,62159315,62159331,62159371,62159475,62159661,62159681,62159709,62159749,62159763,62159769,62159855,62160091,62160191,62160315,62160373,62160377,62160383,62160471,62160497,62160499,62160509,62160519,62160527,62160581
Mismatch Out of above
------2024-11-27 12:24:53.170--------
62160597,62160613,62160779,62160781,62161667,62221217,62244933,62250785,62256641,62262497,62268353,62274205,62280057,62285909,62291761,62297617,62303469,62309321,62326887,62432375,62491697,62514929,62520631,62532073,62537813,62549261,62555311,62561125,62579031,62587047
Mismatch Out of above
------2024-11-27 12:24:59.930--------
62592861,62610303,62615775,62627265,62629847,62641445,62663859,62669561,62675393,62802391,62808135,62813839,63511783,63530053,63548665,63554827,63561457,63567171,63580873,63600685,63607863,63613573,63623049,63634939,63650763,63657367,63663123,63668869,63681487,63830119
Mismatch Out of above
------2024-11-27 12:25:06.507--------
63833008,63841954,63844229,63844291,63844292,63844340,63926760,63972522,64358771,64642241,64656247,64676753,64694121,64708964,65786070,65791957,65798519,65802238,65805160,65810433,65815334,65836366,65840336,65849073,67645925,67850009,67854237,67857993,67861091,67864189
Mismatch Out of above
------2024-11-27 12:25:13.109--------
67867287,67871020,67874118,67877716,67880814,67883912,67890014,67896139,67899237,67902360,67905481,67908579,67911677,67914775,67920902,67924000,68495129,68504596,68567047,68573147,68623210,68776290,68780751,68830482,68891992,69081625,69090800,69093858,69136438,69185753
Mismatch Out of above
------2024-11-27 12:25:19.672--------
69254421,69263802,69467400,69478374,69527858,69554776,69577804,69628601,69631631,69660009,69663039,69677081,69680113,69693656,69696722,69706705,69709737,69726932,69747578,69756671,70585248,71172859,72491000,72697473,72704183,72711212,72800279,72948028,73170732,73176884
Mismatch Out of above
------2024-11-27 12:25:26.214--------
80155634,82890903
Mismatch Out of above
------2024-11-27 12:26:01.103--------
73950875,73950876,73950877,73951072,73951073,73951202,73951346,73951465,73951608,73951609,73951610,73951612,73951613,73951617,73951619,73951622,73951623,73951628,73951629,73951632,73951633,73951647,73951655,73951660,73951662,73951666,73951676,73951679,73951699,73951708
Mismatch Out of above
------2024-11-27 12:26:07.611--------
73951717,73951718,73951721,73951745,73951755,73951766,73951767,73951790,73951801,73951802,73951817,73951820,73952034,73952303,73952304,73952306,73952307,73952308,73952309,73952310,73952311,73952312,73952314,73952522,73952528,73952530,73952536,73952540,73952624,73952638
Mismatch Out of above
------2024-11-27 12:26:14.171--------
73952645,73952646,73952647,73952648,73952674,73952675,73952676,73952677,73952678,73952679,73952680,73952681,73952682,73952683,73952684,73952686,73952687,73952688,73952689,73952691,73952692,73952783,73952784,73952785,73952786,73952787,73952788,73952790,73952791,73952792
Mismatch Out of above
------2024-11-27 12:26:20.729--------
73952793,73952794,73952795,73952796,73952797,73952798,73952799,73952800,73952801,73952802,73952803,73952804,73952805,73952806,73952807,73952808,73952819,73952820,73952986,73953128,73953129,73953130,73953131,73953134,73953135,73953136,73953142,73953143,73953144,73953146
Mismatch Out of above
------2024-11-27 12:26:27.284--------
73953147,73953154,73953155,73953156,73953162,73953270,73953388,73953404,73953581,73953582,73953597,73953598,73953599,73953600,73953612,73953624,73953628,73953637,73953638,73953641,73953655,73953664,73953694,73953752,73953753,73953784,73953788,73953790,73953791,73953828
Mismatch Out of above
------2024-11-27 12:26:33.833--------
73953856,73953858,73953868,73953908,73953910,73953916,73953920,73953921,73953941,73953945,73953946,73953956,73954018,73954020,73954029,73954031,73954045,73954052,73954057,73954060,73954062,73954072,73954105,73954120,73954126,73954131,73954133,73954161,73954176,73954185
Mismatch Out of above
------2024-11-27 12:26:40.741--------
73954186,73954191,73954192,73954197,73954223,73954225,73954236,73954245,73954271,73954312,73954313,73954351,73954352,73954355,73954449,73954481,73954482,73954495,73954497,73954557,73954566,73954568,73954569,73954609,73954610,73954631,73954677,73954692,73954722,73954741
Mismatch Out of above
------2024-11-27 12:26:47.307--------
73954749,73954750,73954766,73954781,73954786,73954810,73954823,73954840,73954872,73954877,73954920,73954928,73954975,73954978,73954999,73955006,73955014,73955017,73955039,73955040,73955083,73955085,73955115,73955171,73955180,73955187,73955194,73955201,73955208,73955213
Mismatch Out of above
------2024-11-27 12:26:53.894--------
73955218,73955220,73955224,73955227,73955233,73955257,73955268,73955288,73955321,73955329,73955365,73955377,73955387,73955393,73955415,73955423,73955428,73955429,73955432,73955452,73955461,73955463,73955483,73955486,73955488,73955491,73955495,73955522,73955532,73955537
Mismatch Out of above
------2024-11-27 12:27:00.464--------
73955539,73955571,73955579,73955624,73955625,73955626,73955627,73955628,73955632,73955638,73955644,73955661,73955682,73955687,73955727,73955737,73955753,73955754,73955817,73955823,73955831,73955846,73955853,73955881,73955897,73955900,73955918,73955948,73956024,73956031
Mismatch Out of above
------2024-11-27 12:27:07.044--------
73956043,73956063,73956068,73956070,73956105,73956213,73956258,73956310,73956337,73956339,73956341,73956381,73956390,73956395,73956400,73956402,73956425,73956434,73956441,73956708,73956716,73956718,73956719,73956723,73956724,73956738,73956740,73956743,73956776,73956779
Mismatch Out of above
------2024-11-27 12:27:13.828--------
73956800,73956913,73956930,73956931,73956939,73956949,73956960,73956964,73956967,73957057,76121237,80155856,82890834
Mismatch Out of above
------2024-11-27 12:27:49.068--------
74381006,74382998,74382265,74380741,74382832,74381192,74383987,74382996,74383027,74380934,74382941,80155986,74382661,74383994,74382364,74381415,74381387,74381388,74381384,74381428,74381427,74380723,74381426,74381424,74381421,74380650,74380656,74380661,74380665,74380636
Mismatch Out of above
------2024-11-27 12:27:55.463--------
74380706,74380714,74380696,74380587,74380590,74380585,74380556,74380487,74380254,74380242,74380302,74380251,74380200,74380216,74380187,74379762,74379751,74380060,74379982,74380007,74379947,74379972,74379917,74379905,74379887,74379878,74379872,74379783,74379686,74379696
Mismatch Out of above
------2024-11-27 12:28:02.026--------
74379602,74379538,74379529,74379515,74379648,74379626,74379619,74379611,74379606,74379604,74379603,74379494,74379483,74379490,74379470,74379424,74379427,74379437,74379417,74379422,74379394,74379345,74379380,74379353,74379337,74379346,74379332,74379303,74379309,74379291
Mismatch Out of above
------2024-11-27 12:28:08.597--------
74379273,74379203,74379217,74379153,74379146,74379123,74379112,74379077,74379047,74378985,74378950,74379005,74379016,74379026,74378948,74378968,74379030,74378928,74378800,74378725,74378723,74378623,74378653,74378600,74378652,74378626,74378500,74378562,74378567,74378490
Mismatch Out of above
------2024-11-27 12:28:15.160--------
74378442,74378368,74378400,74378251,74378393,74378297,74378262,74378105,74378178,74378162,74378437,74378316,74378321,74378354,74378231,74378264,74382362,74382361,74378086,74378087,74378084,74378073,74378008,74378007,74377994,74377989,74377953,74377946,74377886,74377888
Mismatch Out of above
------2024-11-27 12:28:21.717--------
74377895,74377835,74377836,74377838,74377839,74377781,74377727,74377729,74377753,74377685,74377684,74377696,74377678,74377679,74377649,74377663,74377666,74377617,74377610,74377602,74377615,74377580,74377529,89153408,74377523,74377502,74377488,76315450,74377496,74377485
Mismatch Out of above
------2024-11-27 12:28:28.298--------
74381057,74377445,74377423,74377390,74377391,74377397,74377401,74377402,74377351,74377340,74377342,74377311,76416011,74377316,74377317,74377162,74377201,74377176,74377190,74377157,74377171,74377172,74380880,74380940,74380939,74380938,74381028,74377139,74377140,74377103
Mismatch Out of above
------2024-11-27 12:28:34.870--------
74377124,74376946,74381032,74381061,74381060,74381059,74381029,74380937,74381030,74381058,74381033,74381041,74381040,74381039,74381036,74381035,74381034,74376850,74381264,74381399,74382301,74384317,74384316,74384315,74382300,74382299,74382298,74382297,74382296,74382295
Mismatch Out of above
------2024-11-27 12:28:41.435--------
74382294,74382293,74382292,74381433,74381557,74381556,74381549,74381548,74381546,74381544,74381554,74381543,74381542,74381634,74381527,74381541,74381526,74381462,74381461,74381468,74381460,74381467,74381466,74381481,74381480,74381479,74381465,74381478,74381464,74381477
Mismatch Out of above
------2024-11-27 12:28:47.982--------
74381476,74381463,74381475,74381518,74381517,74381516,74381521,74381522,74381550,74381698,74384163,74384188,74381687,74384127,74384158,74384184,74384187,74384191,74384190,74383992,74384287,74383991,74383941,74383881,74383038,74382154,74382153,74382148,74382147,74382159
Mismatch Out of above
------2024-11-27 12:28:54.544--------
74383496,74383495,74383494,74382176,74382215,74382212,74382211,74382231,74382223,74382235,74382234,74382261,74382250,74383487,74382378,74382376,74383479,74383478,74383477,74383476,74383475,74383474,74383473,74383472,74383471,74383470,74383469,74383468,74383467,74382697
Mismatch Out of above
------2024-11-27 12:29:01.320--------
74382824,74383018,74382165,74382164,82890837
Mismatch Out of above
------2024-11-27 12:29:35.924--------
74496848,74496849,74496850,74497147,74497148,74497280,74497425,74497544,74497687,74497688,74497689,74497691,74497692,74497696,74497698,74497701,74497702,74497707,74497708,74497711,74497712,74497726,74497734,74497739,74497741,74497745,74497755,74497758,74497778,74497787
Mismatch Out of above
------2024-11-27 12:29:42.294--------
74497796,74497797,74497800,74497824,74497834,74497845,74497846,74497869,74497880,74497881,74497896,74497899,74498113,74498382,74498383,74498385,74498386,74498387,74498388,74498389,74498390,74498391,74498393,74498598,74498604,74498606,74498612,74498616,74498700,74498714
Mismatch Out of above
------2024-11-27 12:29:48.855--------
74498721,74498722,74498723,74498724,74498750,74498751,74498752,74498753,74498754,74498755,74498756,74498757,74498758,74498759,74498760,74498762,74498763,74498764,74498765,74498767,74498768,74498859,74498860,74498861,74498862,74498863,74498864,74498866,74498867,74498868
Mismatch Out of above
------2024-11-27 12:29:55.412--------
74498869,74498870,74498871,74498872,74498873,74498874,74498875,74498876,74498877,74498878,74498879,74498880,74498881,74498882,74498883,74498884,74498895,74498896,74499061,74499201,74499202,74499203,74499204,74499207,74499208,74499209,74499215,74499216,74499217,74499219
Mismatch Out of above
------2024-11-27 12:30:01.983--------
74499220,74499226,74499227,74499228,74499234,74499344,74499475,74499497,74499675,74499676,74499691,74499692,74499693,74499694,74499706,74499718,74499722,74499731,74499732,74499735,74499751,74499759,74499789,74499849,74499850,74499883,74499888,74499890,74499891,74499926
Mismatch Out of above
------2024-11-27 12:30:08.839--------
74499954,74499956,74499965,74500005,74500007,74500013,74500017,74500018,74500037,74500042,74500043,74500113,74500115,74500124,74500130,74500136,74500143,74500148,74500151,74500153,74500163,74500195,74500209,74500215,74500220,74500222,74500250,74500265,74500274,74500275
Mismatch Out of above
------2024-11-27 12:30:15.401--------
74500280,74500281,74500286,74500312,74500314,74500325,74500334,74500359,74500405,74500407,74500408,74500437,74500446,74500449,74500542,74500574,74500575,74500588,74500590,74500650,74500658,74500660,74500661,74500701,74500702,74500723,74500769,74500784,74500814,74500833
Mismatch Out of above
------2024-11-27 12:30:21.977--------
74500841,74500842,74500858,74500873,74500878,74500902,74500915,74500932,74500933,74500966,74500971,74501014,74501022,74501068,74501071,74501092,74501103,74501106,74501128,74501129,74501172,74501174,74501202,74501258,74501267,74501274,74501281,74501288,74501295,74501300
Mismatch Out of above
------2024-11-27 12:30:28.538--------
74501305,74501307,74501311,74501314,74501320,74501344,74501355,74501375,74501409,74501417,74501453,74501465,74501475,74501481,74501503,74501511,74501516,74501517,74501520,74501541,74501550,74501552,74501572,74501575,74501577,74501580,74501583,74501610,74501620,74501625
Mismatch Out of above
------2024-11-27 12:30:35.107--------
74501627,74501659,74501667,74501712,74501713,74501714,74501715,74501716,74501720,74501726,74501732,74501749,74501769,74501774,74501814,74501824,74501840,74501841,74501905,74501911,74501919,74501934,74501941,74501969,74501985,74501988,74502007,74502036,74502116,74502123
Mismatch Out of above
------2024-11-27 12:30:41.773--------
74502136,74502155,74502160,74502162,74502197,74502304,74502349,74502401,74502429,74502431,74502433,74502474,74502483,74502488,74502493,74502495,74502518,74502527,74502534,74502796,74502804,74502806,74502807,74502811,74502812,74502826,74502828,74502831,74502864,74502867
Mismatch Out of above
------2024-11-27 12:30:48.343--------
74502888,74503000,74503017,74503018,74503026,74503036,74503047,74503051,74503054,74503146,80155871,82890850
Mismatch Out of above
------2024-11-27 12:31:23.268--------
76844017,76844037,76844290,76844310,76844325,76844326,76844343,76844348,76844357,76844358,76844362,76844376,76844390,76844408,76844501,76844506,76844508,76844509,76844532,76844534,76844543,76844582,76844583,76844589,76844593,76844594,76844615,76844637,76844681,76844684
Mismatch Out of above
------2024-11-27 12:31:29.648--------
76844692,76844693,76844699,76844720,76844726,76844780,76844802,76844810,76844815,76844817,76844850,76844864,76844867,76844879,76844880,76844886,76844887,76844898,76844929,76844931,76844955,76844983,76845034,76845035,76845037,76845038,76845085,76845087,76845094,76845145
Mismatch Out of above
------2024-11-27 12:31:36.224--------
76845152,76845189,76845194,76845207,76845214,76845253,76845273,76845284,76845286,76845287,76845305,76845360,76845373,76845429,76845448,76845461,76845494,76845513,76845518,76845551,76845565,76845591,76845597,76845636,76845641,76845698,76845760,76845765,76845798,76845805
Mismatch Out of above
------2024-11-27 12:31:42.785--------
76845820,76845823,76845849,76845851,76845920,76845922,76845997,76846125,76846147,76846149,76846165,76846182,76846204,76846216,76846225,76846229,76846237,76846248,76846278,76846313,76846324,76846347,76846354,76846404,76846411,76846418,76846474,76846492,76846505,76846511
Mismatch Out of above
------2024-11-27 12:31:49.324--------
76846534,76846539,76846547,76846548,76846555,76846583,76846596,76846618,76846623,76846628,76846639,76846672,76846684,76846691,76846716,76846730,76846739,76846800,76846801,76846802,76846803,76846805,76846818,76846847,76846884,76846894,76846949,76846960,76846982,76846983
Mismatch Out of above
------2024-11-27 12:31:56.052--------
76847075,76847081,76847090,76847108,76847120,76847175,76847185,76847210,76847263,76847390,76847403,76847419,76847445,76847454,76847457,76847505,76847689,76847760,76847789,76847791,76847794,76847841,76847855,76847861,76847866,76847870,76847901,76847910,76847918,76847926
Mismatch Out of above
------2024-11-27 12:32:02.612--------
76848081,76848135,76848138,76848139,76848140,76848141,76848207,76848229,76848230,76848231,76848233,76848234,76848235,76848236,76848237,76848240,76848241,76848242,76848256,76848257,76848258,76848259,76848260,76848388,76848455,76848569,76848572,76848573,76848574,76848590
Mismatch Out of above
------2024-11-27 12:32:09.165--------
76848596,76848599,76848601,76848602,76848603,76848608,76848632,76848633,76848634,76848635,76848636,76848637,76848638,76848639,76848640,76848647,76848648,76848649,76848650,76848651,76848652,76848653,76848685,76848686,76848687,76848690,76848691,76848695,76848696,76848707
Mismatch Out of above
------2024-11-27 12:32:15.732--------
76848708,76848709,76848710,76848712,76848714,76848715,76848716,76848720,76848722,76848723,76848794,76848847,76848858,76849300,76849301,76849306,76849307,76849312,76849317,76849318,76849329,76849342,76849343,76849346,76849352,76849359,76849362,76849363,76849378,76849389
Mismatch Out of above
------2024-11-27 12:32:22.293--------
76849393,76849420,76849421,76849422,76849423,76849424,76849425,76849426,76849427,76849485,76849486,76849488,76849500,76849502,76849782,76849818,76849935,76849941,76850043,76850087,76850089,76850109,76850118,76850129,76850529,76850530,76850531,76850532,76850533,76850534
Mismatch Out of above
------2024-11-27 12:32:29.167--------
76850535,76850536,76850537,76850538,76850539,76850540,76850541,76850549,76850556,76850557,76850558,76850924,76850978,76851016,76851018,76851019,76851021,76851322,76851366,76851374,76851384,76851405,76851422,76851440,76851442,76851443,76851845,76851846,76852015,76852080
Mismatch Out of above
------2024-11-27 12:32:35.750--------
76852081,76852082,80077508,80155875
Mismatch Out of above
------2024-11-27 12:33:10.951--------
77178433,77178434,77178565,77178708,77178827,77178970,77178971,77178972,77178974,77178975,77178979,77178981,77178984,77178985,77178990,77178991,77178994,77178995,77179009,77179017,77179022,77179024,77179028,77179038,77179041,77179060,77179069,77179078,77179079,77179082
Mismatch Out of above
------2024-11-27 12:33:17.337--------
77179108,77179118,77179129,77179130,77179153,77179164,77179165,77179180,77179183,77179395,77179664,77179665,77179667,77179668,77179669,77179670,77179671,77179672,77179673,77179674,77179871,77179877,77179879,77179885,77179889,77179976,77179996,77180003,77180004,77180005
Mismatch Out of above
------2024-11-27 12:33:23.896--------
77180006,77180032,77180033,77180034,77180035,77180036,77180037,77180038,77180039,77180040,77180041,77180042,77180043,77180044,77180045,77180046,77180047,77180048,77180138,77180139,77180140,77180141,77180142,77180143,77180145,77180146,77180147,77180148,77180149,77180150
Mismatch Out of above
------2024-11-27 12:33:30.440--------
77180151,77180152,77180153,77180154,77180156,77180157,77180158,77180159,77180160,77180161,77180162,77180163,77180164,77180175,77180176,77180359,77180516,77180533,77180534,77180535,77180538,77180539,77180540,77180546,77180550,77180552,77180555,77180556,77180563,77180564
Mismatch Out of above
------2024-11-27 12:33:37.280--------
77180565,77180572,77180677,77180809,77180831,77181009,77181010,77181025,77181026,77181027,77181028,77181041,77181056,77181059,77181067,77181068,77181071,77181084,77181095,77181125,77181187,77181220,77181224,77181226,77181227,77181264,77181295,77181297,77181307,77181342
Mismatch Out of above
------2024-11-27 12:33:43.817--------
77181344,77181350,77181354,77181355,77181375,77181451,77181453,77181461,77181466,77181473,77181481,77181486,77181490,77181503,77181536,77181552,77181558,77181563,77181565,77181592,77181607,77181616,77181617,77181622,77181623,77181628,77181654,77181656,77181668,77181677
Mismatch Out of above
------2024-11-27 12:33:50.364--------
77181702,77181748,77181749,77181751,77181752,77181795,77181796,77181799,77181900,77181935,77181936,77181949,77181950,77181984,77182004,77182012,77182014,77182015,77182046,77182047,77182064,77182111,77182126,77182158,77182178,77182186,77182187,77182202,77182214,77182218
Mismatch Out of above
------2024-11-27 12:33:57.144--------
77182244,77182252,77182275,77182276,77182310,77182315,77182363,77182411,77182414,77182433,77182440,77182446,77182449,77182472,77182473,77182516,77182518,77182548,77182598,77182607,77182614,77182621,77182630,77182637,77182642,77182647,77182649,77182653,77182656,77182662
Mismatch Out of above
------2024-11-27 12:34:03.705--------
77182686,77182696,77182713,77182717,77182752,77182757,77182761,77182797,77182808,77182818,77182824,77182846,77182854,77182859,77182860,77182863,77182883,77182892,77182894,77182915,77182918,77182921,77182925,77182952,77182961,77182966,77182990,77182998,77183039,77183040
Mismatch Out of above
------2024-11-27 12:34:10.263--------
77183041,77183042,77183043,77183054,77183076,77183101,77183106,77183149,77183159,77183175,77183176,77183237,77183243,77183251,77183267,77183274,77183317,77183320,77183339,77183373,77183456,77183463,77183476,77183496,77183501,77183503,77183543,77183651,77183704,77183755
Mismatch Out of above
------2024-11-27 12:34:16.831--------
77183782,77183784,77183822,77183831,77183836,77183841,77183843,77183867,77183876,77183881,77184101,77184109,77184111,77184112,77184116,77184117,77184127,77184129,77184132,77184163,77184166,77184187,77184300,77184318,77184319,77184326,77184336,77184347,77184351,77184354
Mismatch Out of above
------2024-11-27 12:34:23.385--------
77184358,77184359,77184360,77184367,77184851,77184852,77184853,77184854,77184855,77184856,77184857,77184858,77184859,77184860,77184861,77184868,77184871,77184877,77184878,77184879,77184880,77184881,77184882,77184883,77184885,80155909
Mismatch Out of above
------2024-11-27 12:34:59.160--------
77185053,77185380,77185381,77185402,77185407,77185421,77185572,77185576,77185616,77185653,77185656,77185689,77185781,77185808,77185906,77185958,77185971,77185977,77186022,77186024,77186130,77186131,77186179,77186180,77186297,77186389,77186392,77186410,77186467,77186483
Mismatch Out of above
------2024-11-27 12:35:05.851--------
77186537,77186558,77186569,77186571,77186604,77186623,77186627,77186660,77186669,77186701,77186713,77186746,77186751,77186812,77186873,77186878,77186910,77186919,77186934,77186937,77186964,77186965,77187035,77187037,77187113,77187241,77187261,77187270,77187281,77187298
Mismatch Out of above
------2024-11-27 12:35:12.409--------
77187319,77187331,77187341,77187345,77187353,77187364,77187394,77187429,77187441,77187464,77187471,77187522,77187529,77187536,77187592,77187610,77187623,77187629,77187657,77187667,77187675,77187676,77187683,77187712,77187725,77187727,77187750,77187755,77187760,77187769
Mismatch Out of above
------2024-11-27 12:35:18.977--------
77187803,77187816,77187823,77187848,77187862,77187872,77187935,77187936,77187937,77187938,77187940,77187953,77187982,77188020,77188030,77188085,77188096,77188118,77188119,77188211,77188217,77188226,77188245,77188257,77188312,77188322,77188347,77188400,77188528,77188541
Mismatch Out of above
------2024-11-27 12:35:25.544--------
77188557,77188583,77188591,77188594,77188644,77188773,77188832,77188905,77188936,77188938,77188941,77188991,77189005,77189011,77189016,77189020,77189051,77189061,77189069,77189228,77189282,77189285,77189286,77189287,77189288,77189354,77189376,77189377,77189378,77189379
Mismatch Out of above
------2024-11-27 12:35:32.109--------
77189380,77189381,77189382,77189383,77189386,77189387,77189388,77189402,77189403,77189404,77189405,77189406,77189534,77189601,77189715,77189718,77189719,77189720,77189736,77189742,77189745,77189747,77189748,77189749,77189754,77189775,77189776,77189777,77189778,77189779
Mismatch Out of above
------2024-11-27 12:35:38.851--------
77189780,77189781,77189782,77189783,77189790,77189791,77189792,77189793,77189794,77189795,77189796,77189819,77189820,77189821,77189824,77189825,77189829,77189830,77189841,77189842,77189843,77189844,77189846,77189848,77189849,77189850,77189854,77189856,77189857,77189927
Mismatch Out of above
------2024-11-27 12:35:45.433--------
77189982,77189993,77190436,77190437,77190442,77190443,77190448,77190453,77190454,77190465,77190478,77190479,77190482,77190488,77190495,77190498,77190499,77190514,77190525,77190529,77190556,77190557,77190558,77190559,77190560,77190561,77190562,77190563,77190621,77190622
Mismatch Out of above
------2024-11-27 12:35:52.009--------
77190624,77190636,77190638,77190919,77190955,77191068,77191074,77191219,77191221,77191241,77191250,77191261,77191659,77191660,77191661,77191662,77191663,77191664,77191665,77191666,77191667,77191668,77191669,77191670,77191671,77191679,77191686,77191687,77191688,77192051
Mismatch Out of above
------2024-11-27 12:35:58.567--------
77192101,77192140,77192141,77192439,77192483,77192491,77192501,77192522,77192539,77192557,77192559,77192560,77192965,77192966,77193079,77193080,77193081,77193093,77193101,77193232,77193233,77193234,80155987,77185074,77185178,77185342,77185364,77185416,77185417,77185435
Mismatch Out of above
------2024-11-27 12:36:05.135--------
77185450,77185469,77185537,77185579,77185580,77185604,77185606,77185663,77185667,77185668,77185712,77185763,77185766,77185775,77185776,77185792,77185801,77185814,77185868,77185891,77185899,77185904,77185940,77185955,77185970,77185978,77185989,77186037,77186048,77186077
Mismatch Out of above
------2024-11-27 12:36:11.707--------
77186133,77186134,77186194,77186247,77186254,77186292,77186310,77186311,77186357,77186378,77186391,77221300,77221301,77221302,77221303,77221304,77221305,77221306,77221307,77221308,77221309,77221310,77221317,77221320,77221326,77221327,77221328,77221329,77221330,77221331
Mismatch Out of above
------2024-11-27 12:36:18.269--------
77221332,77221334
Mismatch Out of above
------2024-11-27 12:36:53.419--------
80063495,80063594,80063758,80063779,80063794,80063795,80063816,80063819,80063828,80063829,80063833,80063848,80063861,80063943,80063979,80063984,80063986,80063987,80064010,80064012,80064022,80064061,80064062,80064068,80064072,80064073,80064094,80064115,80064164,80064167
Mismatch Out of above
------2024-11-27 12:36:59.807--------
80064176,80064177,80064181,80064191,80064199,80064206,80064209,80064212,80064265,80064287,80064295,80064300,80064302,80064337,80064352,80064355,80064367,80064368,80064374,80064375,80064387,80064418,80064420,80064434,80064445,80064462,80064474,80064524,80064525,80064527
Mismatch Out of above
------2024-11-27 12:37:06.379--------
80064528,80064578,80064580,80064587,80064644,80064682,80064686,80064699,80064701,80064746,80064766,80064777,80064779,80064780,80064798,80064855,80064871,80064925,80064946,80064957,80064992,80065011,80065015,80065043,80065058,80065083,80065095,80065127,80065132,80065181
Mismatch Out of above
------2024-11-27 12:37:12.956--------
80065191,80065254,80065259,80065291,80065300,80065315,80065318,80065345,80065346,80065416,80065418,80065492,80065621,80065641,80065651,80065661,80065678,80065699,80065711,80065721,80065725,80065732,80065745,80065775,80065810,80065822,80065845,80065852,80065903,80065910
Mismatch Out of above
------2024-11-27 12:37:19.526--------
80065917,80065973,80065991,80066005,80066010,80066038,80066048,80066057,80066106,80066108,80066131,80066136,80066141,80066152,80066185,80066197,80066204,80066230,80066244,80066254,80066316,80066317,80066318,80066321,80066334,80066363,80066401,80066411,80066466,80066477
Mismatch Out of above
------2024-11-27 12:37:26.286--------
80066499,80066500,80066592,80066598,80066607,80066625,80066636,80066691,80066701,80066726,80066779,80066906,80066918,80066934,80066960,80066968,80066972,80067018,80067145,80067205,80067278,80067307,80067309,80067312,80067361,80067375,80067381,80067386,80067390,80067421
Mismatch Out of above
------2024-11-27 12:37:32.843--------
80067430,80067438,80067597,80067651,80067654,80067655,80067656,80067657,80067723,80067745,80067746,80067747,80067748,80067749,80067750,80067751,80067752,80067755,80067756,80067757,80067773,80067774,80067775,80067776,80067777,80067905,80067975,80068087,80068090,80068091
Mismatch Out of above
------2024-11-27 12:37:39.388--------
80068092,80068104,80068109,80068112,80068114,80068115,80068116,80068120,80068142,80068143,80068144,80068145,80068146,80068147,80068148,80068149,80068150,80068157,80068158,80068159,80068160,80068161,80068162,80068163,80068186,80068187,80068188,80068191,80068192,80068196
Mismatch Out of above
------2024-11-27 12:37:45.951--------
80068197,80068208,80068209,80068210,80068211,80068213,80068215,80068216,80068217,80068221,80068223,80068224,80068293,80068348,80068356,80068796,80068797,80068802,80068803,80068808,80068813,80068814,80068825,80068838,80068839,80068846,80068853,80068856,80068857,80068872
Mismatch Out of above
------2024-11-27 12:37:52.525--------
80068883,80068887,80068914,80068915,80068916,80068917,80068918,80068919,80068920,80068921,80068979,80068980,80068981,80068992,80068993,80069266,80069301,80069411,80069417,80069558,80069560,80069580,80069588,80069599,80069988,80069989,80069990,80069991,80069992,80069993
Mismatch Out of above
------2024-11-27 12:37:59.422--------
80069994,80069995,80069996,80069997,80069998,80069999,80070000,80070008,80070015,80070016,80070017,80070368,80070417,80070456,80070457,80070757,80070794,80070800,80070810,80070831,80070848,80070866,80070868,80070869,80071250,80071251,80071358,80071364,80071365,80071377
Mismatch Out of above
------2024-11-27 12:38:05.997--------
80071383,80072001,80072002,80072003,80080029,80155998,89153410
Mismatch Out of above
------2024-11-27 12:38:38.026--------
80273309,80273310,80273447,80273583,80273701,80273842,80273843,80273844,80273846,80273847,80273851,80273853,80273856,80273857,80273862,80273863,80273866,80273867,80273881,80273888,80273893,80273895,80273898,80273908,80273911,80273926,80273934,80273943,80273944,80273968
Mismatch Out of above
------2024-11-27 12:38:44.589--------
80273978,80273989,80273990,80274013,80274024,80274025,80274039,80274042,80274242,80274503,80274504,80274506,80274507,80274508,80274509,80274510,80274511,80274512,80274513,80274703,80274709,80274711,80274717,80274721,80274802,80274815,80274822,80274823,80274824,80274825
Mismatch Out of above
------2024-11-27 12:38:51.162--------
80274848,80274849,80274850,80274851,80274852,80274853,80274854,80274855,80274856,80274857,80274858,80274859,80274860,80274861,80274862,80274863,80274864,80274948,80274949,80274950,80274951,80274953,80274954,80274955,80274956,80274957,80274958,80274959,80274960,80274961
Mismatch Out of above
------2024-11-27 12:38:57.738--------
80274962,80274964,80274965,80274966,80274967,80274968,80274969,80274970,80274971,80274972,80274983,80274984,80275167,80275327,80275350,80275351,80275352,80275355,80275356,80275357,80275363,80275366,80275368,80275371,80275372,80275379,80275380,80275381,80275385,80275480
Mismatch Out of above
------2024-11-27 12:39:04.299--------
80275609,80275630,80275801,80275802,80275815,80275816,80275817,80275818,80275828,80275843,80275845,80275854,80275855,80275858,80275872,80275881,80275969,80276001,80276005,80276006,80276029,80276060,80276062,80276071,80276104,80276105,80276111,80276115,80276116,80276135
Mismatch Out of above
------2024-11-27 12:39:11.038--------
80276193,80276195,80276203,80276206,80276213,80276220,80276223,80276226,80276228,80276240,80276272,80276285,80276291,80276296,80276298,80276321,80276337,80276346,80276347,80276351,80276352,80276358,80276382,80276383,80276394,80276403,80276418,80276430,80276473,80276474
Mismatch Out of above
------2024-11-27 12:39:17.595--------
80276476,80276522,80276524,80276527,80276660,80276663,80276676,80276678,80276711,80276730,80276740,80276742,80276743,80276763,80276764,80276780,80276827,80276840,80276872,80276892,80276901,80276914,80276926,80276930,80276951,80276959,80276980,80276981,80277011,80277016
Mismatch Out of above
------2024-11-27 12:39:24.163--------
80277058,80277066,80277108,80277111,80277130,80277137,80277143,80277146,80277167,80277168,80277208,80277210,80277237,80277289,80277297,80277304,80277311,80277320,80277328,80277333,80277338,80277340,80277344,80277348,80277357,80277380,80277390,80277407,80277411,80277445
Mismatch Out of above
------2024-11-27 12:39:30.738--------
80277450,80277453,80277488,80277499,80277513,80277535,80277543,80277548,80277576,80277578,80277598,80277601,80277604,80277608,80277635,80277643,80277648,80277674,80277683,80277724,80277725,80277726,80277727,80277738,80277761,80277785,80277789,80277829,80277839,80277855
Mismatch Out of above
------2024-11-27 12:39:37.278--------
80277856,80277917,80277923,80277931,80277948,80277953,80277996,80277999,80278020,80278053,80278133,80278139,80278152,80278171,80278176,80278178,80278215,80278323,80278373,80278423,80278448,80278451,80278485,80278494,80278503,80278505,80278528,80278536,80278541,80278682
Mismatch Out of above
------2024-11-27 12:39:44.113--------
80278688,80278690,80278691,80278694,80278695,80278699,80278700,80278703,80278715,80278718,80278739,80278756,80278811,80278815,80278816,80278822,80278832,80278843,80278847,80278850,80278854,80278855,80278856,80278863
Mismatch Out of above
------2024-11-27 12:40:17.298--------
85888301,85888458,85888494,85888495,85888516,85888521,85888530,85888531,85888535,85888548,85888562,85888676,85888681,85888683,85888684,85888707,85888716,85888721,85888755,85888756,85888762,85888766,85888767,85888788,85888809,85888868,85888869,85888873,85888882,85888890
Mismatch Out of above
------2024-11-27 12:40:23.690--------
85888895,85888901,85888916,85888956,85888979,85888985,85888990,85889027,85889042,85889045,85889057,85889058,85889064,85889065,85889077,85889109,85889111,85889125,85889135,85889146,85889153,85889199,85889200,85889202,85889250,85889252,85889259,85889313,85889320,85889355
Mismatch Out of above
------2024-11-27 12:40:30.267--------
85889361,85889373,85889375,85889421,85889442,85889453,85889455,85889456,85889474,85889532,85889548,85889598,85889619,85889630,85889669,85889687,85889691,85889722,85889737,85889763,85889769,85889808,85889813,85889862,85889872,85889933,85889938,85889970,85889979,85889994
Mismatch Out of above
------2024-11-27 12:40:36.832--------
85889997,85890024,85890025,85890089,85890091,85890164,85890290,85890310,85890317,85890340,85890373,85890383,85890387,85890394,85890407,85890437,85890472,85890484,85890507,85890514,85890565,85890572,85890579,85890635,85890653,85890667,85890672,85890700,85890710,85890719
Mismatch Out of above
------2024-11-27 12:40:43.402--------
85890767,85890792,85890797,85890802,85890810,85890847,85890858,85890865,85890891,85890905,85890915,85890977,85890978,85890979,85890982,85890994,85891023,85891061,85891071,85891126,85891137,85891159,85891249,85891255,85891265,85891282,85891293,85891344,85891354,85891379
Mismatch Out of above
------2024-11-27 12:40:50.047--------
85891432,85891560,85891573,85891589,85891615,85891623,85891627,85891664,85891791,85891833,85891906,85891931,85891933,85891936,85891984,85891997,85892003,85892008,85892012,85892053,85892061
Mismatch Out of above
