14786
14795
14804
14807
14825
14786
14795
14804
14807
14825
14843
14846
14978
14981
14984
14990
14993
14996
14999
15002
15008
15011
15017
15020
15023
18374
18416
18419
18458
18464
18467
19110
19161
19209
19206
19221
19218
19215
19212
19230
19239
19344
19362
19365
19374
19380
19392
19395
19398
19440
19512
19518
19521
19524
19527
19533
19644
19650
19659
19662
19665
19674
19689
19686
19710
19713
19716
19719
19722
19728
19731
19737
19740
19746
19752
19758
19761
19767
19773
19776
19779
19782
19785
19788
19794
19797
19800
19809
19815
19818
19824
19827
19830
19833
19836
19839
19845
19848
19851
19860
19863
19866
19869
19875
19884
19893
19902
19908
19911
19917
19926
19929
19935
19941
19944
19953
19950
19956
19962
19965
19971
19974
19968
19980
19983
19986
19998
19992
20007
20019
20028
20031
20040
20055
20058
20067
20073
20079
20082
20097
20139
20142
20148
20154
20157
20160
20166
20169
20202
20205
20208
20214
20217
20220
20226
20244
20250
20238
20256
20259
20262
20271
20274
20280
20283
20289
20292
20316
20319
20322
20355
20361
20364
20367
20373
20376
20382
20394
20406
20412
20415
20457
20463
20466
20469
20472
20475
20481
20499
20502
20523
20532
20547
20577
20580
20583
20652
20715
20751
20766
20814
20922
20988
21012
21024
21042
21045
21048
21051
21054
21057
21069
21078
21084
21087
21090
21180
21186
21213
21225
21228
21243
21276
21285
21297
21306
21324
21369
21375
21387
21393
21396
21399
