Results found. Proceeding with further steps. for (164099639666282,164099673707593,164099905756501,164100050212175,164100226318556,164100241509425,164100260051192,164100315225436,164100393794799,164100420728478,164100453337422,164100755974205,164100799221400,164100836721926,164100911267842,164101178736137,164101211608590,164101235666574,164101268652965,164101342436998,164101365454522,164101375461230,164101375945948,164101392266695,164101518098814)
Results found. Proceeding with further steps. for (164101550583921,164101569276860,164101594760441,164101640889975,164101661581098,164101667732348,164101668746655,164101678547304,164101689212784,164101691237718,164101718136793,164101728901252,164101733588591,164101744052975,164101752664986,164101807865839,164101810012366,164101817458243,164101854325714,164101880181028,164101883320408,164101900306065,164101904995073,164101966329617,164101970194717)
Results found. Proceeding with further steps. for (164101954305327,164101966891910,164101980347907,164101988981426,164102013925626,164102032424418,164102059693402,164102088767766,164102098693203,164102108454565,164102125519108,164102129999268,164102131756818,164102136071218,164102161935106,164102180908156,164102182429344,164102190738842,164102196672358,164102197622076,164102208703013,164102241254707,164102248630099,164102262890788,164102263038164)
Results found. Proceeding with further steps. for (164102276963459,164102277966093,164102282744125,164102301155773,164102312294297,164102313881037,164102317150849,164102325906625,164102330971600,164102332084319,164102343399333,164102356940143,164102358346755,164102367199089,164102399811156,164102407186690,164102408537202,164102423917180,164102470108562,164102471132988,164102493832163,164102494957936,164102496419462,164102506682489,164102517790588)
Results found. Proceeding with further steps. for (164102475767867,164102543849501,164102544935485,164102549579069,164102551859391,164102552324987,164102562968551,164102565893621,164102571784909,164102576940392,164102594515872,164102624866549,164102629556974,164102658838335,164102662987037,164102684798896,164102689025835,164102692468549,164102696256309,164102697569436,164102697642340,164102700348124,164102703442324,164102715353846,164102723812260)
Results found. Proceeding with further steps. for (164102713063460,164102722406549,164102727032785,164102727096726,164102733913056,164102734636598,164102734840417,164102738443538,164102741265010,164102745489959,164102750463923,164102751333171,164102761652293,164102763244347,164102764959042,164102765168469,164102770454049,164102772814128,164102780294206,164102781657322,164102793929850,164102805373545,164102805394479,164102820874559,164102822237135)
Results found. Proceeding with further steps. for (164102773763583,164102811426773,164102824630893,164102825923795,164102831423277,164102837506322,164102843284621,164102847459107,164102849783276,164102852677731,164102856292264,164102866416375,164102870640537,164102873081811,164102875280809,164102876283669,164102877526002,164102881671349,164102886011857,164102886853992,164102899640076,164102899874852,164102908821516,164102914503380,164102918035192)
Results found. Proceeding with further steps. for (164102936405167,164102939083090,164102944831460,164102948381725,164102952257340,164102954026183,164102968664318,164102970738128,164102972711128,164102975549197,164102976870024,164102977949059,164102978057979,164102979386223,164102984418895,164102985522052,164102988812082,164102989771050,164102990164699,164102990778386,164102991159821,164102991223556,164102994019007,164102999574463,164103013872240)
Results found. Proceeding with further steps. for (164103015063411,164103015709473,164103016029613,164103024118709,164103027279902,164103029547385,164103034074793,164103039282108,164103041406363,164103047124302,164103049813990,164103051553971,164103055342269,164103056117005,164103059661166,164103061611593,164103072228123,164103080253355,164103083332451,164103084667910,164103091963632,164103093419581,164103098058572,164103098132399,164103098517920)
Results found. Proceeding with further steps. for (164103093355847,164103095109792,164103098823536,164103100133238,164103101839316,164103102292874,164103104105604,164103104738836,164103105967428,164103107037306,164103108574913,164103109910045,164103113708550,164103114084165,164103114460884,164103115133799,164103117678854,164103121685997,164103125323464,164103127378255,164103128063883,164103129894497,164103130028933,164103131445864,164103135123042)
Results found. Proceeding with further steps. for (164103031025937,164103134177961,164103135961814,164103137931400,164103140405824,164103143522629,164103164476529,164103164539194,164103167301287,164103167401098,164103167947274,164103169489693,164103171529274,164103172110291,164103172738751,164103173818875,164103174161953,164103176553961,164103191933220,164103194020217,164103208209075,164103208335116,164103214612527,164103220199157,164103226115897)
Results found. Proceeding with further steps. for (164103228524286,164103229954104,164103231051339,164103235225793,164103239763728,164103241936087,164103245879036,164103249451389,164103250880866,164103251134110,164103251257363,164103251436169,164103252253660,164103255960960,164103256291033,164103260069560,164103262444084,164103263490392,164103264507881,164103266792664,164103267107632,164103271810723,164103274343272,164103279421325,164103279627223)
Results found. Proceeding with further steps. for (164103260759779,164103278129799,164103286055681,164103286127424,164103287313644,164103288925224,164103289100831,164103295160131,164103297556202,164103297699566,164103301060874,164103302337063,164103304453376,164103308050063,164103308190768,164103310661435,164103311153074,164103312759474,164103314921571,164103316637050,164103316865339,164103323010781,164103324313776,164103325177606,164103325179786)
Results found. Proceeding with further steps. for (164103329421362,164103334829407,164103337212063,164103340807837,164103342774087,164103344716664,164103345015425,164103345694364,164103346942097,164103351809607,164103352856319,164103355231528,164103362015481,164103363413710,164103366274238,164103366577658,164103366993964,164103372501214,164103374616742,164103376653860,164103376780337,164103377770522,164103377835252,164103379557493,164103381248442)
Results found. Proceeding with further steps. for (164103371002007,164103378195465,164103381436913,164103381968330,164103384265960,164103387830974,164103389773554,164103392394498,164103394904463,164103396063168,164103398212848,164103400335519,164103403995713,164103404320533,164103406160479,164103408176132,164103409605042,164103413637213,164103420208050,164103422535488,164103424035970,164103426294093,164103433721423,164103433942332,164103434318779)
Results found. Proceeding with further steps. for (164103421272768,164103421687677,164103427462397,164103443900843,164103448333164,164103450761078,164103451940257,164103453315740,164103455999414,164103457012790,164103458526078,164103459844589,164103460852422,164103463392077,164103463487859,164103466182621,164103466187636,164103467075677,164103467490581,164103467494407,164103469385444,164103469436583,164103472622156,164103472938022,164103473423852)
Results found. Proceeding with further steps. for (164103469703327,164103471907085,164103475739762,164103475983390,164103477153427,164103481382790,164103482922709,164103483990244,164103485065178,164103485855579,164103485944090,164103489130972,164103489267676,164103493453405,164103493779050,164103493930705,164103497977652,164103504608838,164103508873530,164103513859867,164103515577902,164103517368128,164103519220235,164103521506665,164103522886945)
Results found. Proceeding with further steps. for (164103498121763,164103527685765,164103528912091,164103529533271,164103535967129,164103536466219,164103536795495,164103539611335,164103540860857,164103546292485,164103546981199,164103548629286,164103556272834,164103559292147,164103559435080,164103559521959,164103573314443,164103574647619,164103577693668,164103584233670,164103588185268,164103589271308,164103594950094,164103597868023,164103608363699)
Results found. Proceeding with further steps. for (164103526231589,164103595919921,164103601042092,164103609139735,164103610181799,164103610373655,164103618892092,164103620785642,164103626383469,164103626662819,164103627753691,164103637312431,164103638615788,164103639008466,164103641005970,164103646618257,164103647969312,164103648264085,164103648483825,164103654253642,164103657625315,164103659266870,164103662558946,164103664594317,164103667031836)
Results found. Proceeding with further steps. for (164103668773881,164103673548018,164103673765919,164103676330989,164103677682718,164103680033288,164103680665166,164103681568250,164103683584666,164103684353985,164103686185190,164103688675371,164103688994041,164103692821770,164103693637736,164103695561114,164103697347965,164103704747842,164103708629295,164103710830920,164103712039517,164103713697963,164103716243987,164103722683657,164103723658076)
Results found. Proceeding with further steps. for (164103721153674,164103725584776,164103726664876,164103729018361,164103729650609,164103730454521,164103730976652,164103732388593,164103735701370,164103738401389,164103740014329,164103740990271,164103746117485,164103746545942,164103749099261,164103749723769,164103752376515,164103754535951,164103755240749,164103757887077,164103758980522,164103760503712,164103760747492,164103767848687,164103767927460)
Results found. Proceeding with further steps. for (164103768697937,164103769349048,164103772565550,164103777994418,164103779682647,164103780810927,164103781977323,164103782033630,164103783024510,164103785203876,164103792148381,164103793402805,164103797234461,164103798819461,164103799414656,164103803039000,164103807105470,164103807667044,164103810539171,164103812104378,164103815987823,164103816036413,164103816076311,164103817949916,164103818505144)
Results found. Proceeding with further steps. for (164103819245879,164103821587749,164103822541133,164103823928913,164103825536262,164103826593886,164103826803824,164103827413010,164103827518221,164103832438871,164103835981716,164103837454788,164103842299970,164103842463335,164103844601859,164103847088842,164103851064447,164103854105470,164103855731036,164103862488454,164103871419695,164103871974182,164103872602397,164103873361082,164103877338599)
Results found. Proceeding with further steps. for (164103879757216,164103880060046,164103880625062,164103884607966,164103889252531,164103889461821,164103889916472,164103891287793,164103894060845,164103895244071,164103898847980,164103901346574,164103904100467,164103907723080,164103908443240,164103919812486,164103932531921,164103933899597,164103934314056,164103938185432,164103938762485,164103952195416,164103956610965,164103959095480,164103960106134)
Results found. Proceeding with further steps. for (164103936549325,164103964596581,164103970010549,164103975947258,164103975947997,164103982317564,164103983906379,164103990150545,164103995742723,164104002971999,164104004864659,164104006490464,164104008136539,164104011800815,164104012681431,164104013270300,164104018698516,164104019060791,164104023551671,164104023614933,164104031802054,164104033295609,164104035355578,164104040086542,164104042103925)
Results found. Proceeding with further steps. for (164104039011118,164104046577518,164104054925266,164104058793052,164104058869410,164104058934191,164104059004728,164104059097225,164104059595047,164104063879118,164104067437586,164104070841599,164104070976402,164104071012076,164104071674063,164104073509884,164104083404039,164104087792763,164104095739507,164104096345030,164104096892892,164104105424175,164104105758515,164104107446776,164104114493786)
Results found. Proceeding with further steps. for (164103985232607,164104102375754,164104109446623,164104111559995,164104120992498,164104127934296,164104133837696,164104135517557,164104153298624,164104156618584,164104159049241,164104163187387,164104168794672,164104170659690,164104181075866,164104185172817,164104188501435,164104195020252,164104197619956,164104198031356,164104200841561,164104202251044,164104204043625,164104206916274,164104218788586)
Results found. Proceeding with further steps. for (164104189109582,164104218284971,164104231282359,164104233645054,164104237688995,164104244280647,164104249989424,164104250872980,164104265656524,164104268389060,164104273611168,164104284687108,164104288497316,164104290658133,164104291929824,164104294270791,164104294464655,164104307591518,164104309308040,164104310803155,164104315120916,164104330925647,164104338116856,164104345431360,164104345841666)
Results found. Proceeding with further steps. for (164104316349076,164104348572017,164104350186313,164104351907077,164104352120034,164104353180041,164104355024871,164104355256085,164104355654748,164104360142419,164104361835276,164104364968526,164104376024896,164104379123110,164104381619669,164104382472259,164104382961645,164104388268634,164104390180480,164104395202334,164104398187270,164104402710048,164104412274677,164104426835922,164104448523128)
Results found. Proceeding with further steps. for (164104459939834,164104462796943,164104467165831,164104469865934,164104474815017,164104475704930,164104476209554,164104479059827,164104481896302,164104489657045,164104500070251,164104503123051,164104520983523,164104521451848,164104522487459,164104522917039,164104526836397,164104531576337,164104533216149,164104535265312,164104542653473,164104551826663,164104552030292,164104575335449,164104581719594)
Results found. Proceeding with further steps. for (164104588650984,164104599021061,164104599916498,164104606496591,164104607139760,164104624373898,164104633200694,164104633225975,164104641011078,164104653769249,164104659093091,164104662463043,164104664059982,164104672037334,164104674899237,164104677833325,164104680962312,164104687438543,164104691396255,164104699995010,164104708105887,164104717297076,164104718065224,164104725145645,164104733082930)
Results found. Proceeding with further steps. for (164104722881701,164104758710548,164104760477426,164104764895136,164104766821036,164104770990517,164104777830797,164104803405413,164104804803176,164104809148606,164104814879185,164104818168129,164104820977475,164104822762920,164104825860348,164104826949775,164104834271868,164104852012521,164104853064779,164104854540113,164104857667954,164104865299196,164104871749888,164104873503119,164104878076996)
Results found. Proceeding with further steps. for (164104792253885,164104857718928,164104893001971,164104897479126,164104901763590,164104905524615,164104912951992,164104924242182,164104931136214,164104938830122,164104940474881,164104944095347,164104944112144,164104960340549,164104962458425,164104964954523,164104970567513,164104972773173,164104975079693,164104981346895,164104982378677,164104986179086,164104987134443,164104990307380,164104990455630)
Results found. Proceeding with further steps. for (164104997162839,164104997798178,164105003056589,164105003162243,164105011334635,164105011642692,164105016442745,164105017247046,164105019123417,164105019959925,164105030089052,164105031424957,164105033416636,164105034214109,164105044202253,164105045500158,164105046311254,164105053165319,164105056172244,164105057867812,164105061673250,164105062433771,164105063718236,164105065835473,164105067195072)
Results found. Proceeding with further steps. for (164105072019876,164105075988065,164105076467611,164105078430916,164105080854457,164105085209819,164105088951660,164105091509615,164105094248350,164105097387167,164105100997821,164105103770432,164105105115012,164105105844752,164105107698862,164105107885752,164105111213215,164105114858155,164105127314674,164105130191960,164105131965017,164105136421258,164105149764141,164105155494804,164105162346474)
Results found. Proceeding with further steps. for (164105125413649,164105161172724,164105163426065,164105163830463,164105172672849,164105174334465,164105178431098,164105184067674,164105188046554,164105195634901,164105204323919,164105204502794,164105206469224,164105212719220,164105216058353,164105218616556,164105236134643,164105243104742,164105246732727,164105252702346,164105262263374,164105263603291,164105267148929,164105274211896,164105291646270)
Results found. Proceeding with further steps. for (164105294387684,164105295882803,164105297991119,164105306110744,164105307934169,164105310982693,164105317976220,164105322734184,164105322746916,164105327549137,164105331078970,164105332813631,164105333879133,164105334338891,164105344188074,164105349745297,164105353330149,164105353575023,164105357550524,164105359966833,164105362189281,164105363735227,164105365586992,164105367744714,164105382013482)
Results found. Proceeding with further steps. for (164105388276522,164105392731729,164105402308357,164105404679524,164105410295161,164105410679158,164105418232040,164105423915793,164105426854579,164105433303114,164105436620149,164105443832178,164105444232344,164105445865623,164105450252920,164105455581713,164105457513556,164105462227822,164105467512576,164105469057387,164105471277889,164105476661799,164105478308390,164105482718771,164105488110832)
Results found. Proceeding with further steps. for (164105493375412,164105504875052,164105508622393,164105523494614,164105525976425,164105527108771,164105528423733,164105528838913,164105531648086,164105549129445,164105550743699,164105553219763,164105561443231,164105561890031,164105562291071,164105565121936,164105567833439,164105569311889,164105573813829,164105576127352,164105583803605,164105587088432,164105588069083,164105588128583,164105592492220)
Results found. Proceeding with further steps. for (164105592815464,164105593950049,164105601594226,164105605976128,164105608981712,164105611589985,164105619380132,164105623486178,164105625654649,164105626733014,164105628073146,164105631044343,164105631609935,164105631976827,164105635448658,164105636158694,164105637782250,164105641272458,164105646401129,164105649269420,164105650346583,164105655312909,164105658802628,164105659243620,164105662777484)
Results found. Proceeding with further steps. for (164105652432727,164105653205680,164105665669143,164105666521732,164105668145201,164105671844542,164105672012580,164105674692183,164105675479473,164105677002491,164105678387544,164105680092734,164105681625474,164105681646694,164105683244560,164105684675751,164105685456457,164105687029770,164105688534276,164105691130100,164105693133314,164105697370790,164105701312343,164105701374850,164105709357002)
Results found. Proceeding with further steps. for (164105708120482,164105710461092,164105713283366,164105716659348,164105730109778,164105735341229,164105735611938,164105747444831,164105752773575,164105753630856,164105754561642,164105759393287,164105760466249,164105766759254,164105768181964,164105778097534,164105781378829,164105788218231,164105788376812,164105790542897,164105790989829,164105794448616,164105797431066,164105797682152,164105804075426)
Results found. Proceeding with further steps. for (164105806996069,164105807809378,164105811068930,164105818536545,164105820893266,164105822720958,164105822779019,164105823565115,164105823965051,164105825905193,164105829042987,164105830596656,164105831833281,164105839723667,164105842033889,164105846960662,164105850782692,164105850786526,164105853903045,164105855936979,164105856853760,164105857014126,164105858845366,164105861036169,164105865270618)
Results found. Proceeding with further steps. for (164105873576580,164105873670198,164105880322055,164105891960565,164105892744655,164105893975187,164105894518455,164105901016699,164105910265976,164105910772993,164105913342452,164105916533943,164105924135410,164105928479704,164105929105198,164105932452920,164105936025888,164105937198852,164105940296049,164105942300144,164105943865364,164105962836193,164105969046980,164105969734762,164105976018887)
Results found. Proceeding with further steps. for (164105978085127,164105978177236,164105978657527,164105981002270,164105982269845,164105983712054,164105989057241,164105992049782,164105993875038,164105995021796,164105997417430,164105997922700,164105998329584,164105999551674,164106001372820,164106001620290,164106004742570,164106007072818,164106008848984,164106009306628,164106010971790,164106012647621,164106016916564,164106017194621,164106023424564)
Results found. Proceeding with further steps. for (164106030818640,164106034009397,164106037070949,164106043111478,164106045548866,164106051952821,164106052612149,164106056889688,164106059408788,164106064462791,164106067148712,164106068177977,164106073591558,164106075273786,164106075826454,164106080281293,164106083121074,164106085005570,164106087377840,164106088629633,164106089239350,164106089672996,164106090558009,164106093403557,164106093756620)
Results found. Proceeding with further steps. for (164106088204075,164106095848962,164106098839148,164106099450359,164106099515246,164106101847263,164106102132797,164106104632335,164106105712666,164106106458033,164106106894172,164106109287723,164106109896555,164106114561448,164106116593911,164106122080229,164106126338093,164106127271551,164106132613111,164106134658058,164106137646935,164106137873132,164106139667962,164106145753132,164106146692094)
Results found. Proceeding with further steps. for (164106144057911,164106149848279,164106152722756,164106155002410,164106155506125,164106158459718,164106161392671,164106165475439,164106173311016,164106173676347,164106180402318,164106181331698,164106184470260,164106186036616,164106194913022,164106197869678,164106204136796,164106206315919,164106207150670,164106223334742,164106225812023,164106229232327,164106230700795,164106236429584,164106237234612)
Results found. Proceeding with further steps. for (164091893572106,164106236764554,164106244042619,164106248658081,164106251247428,164106251595398,164106252302784,164106256440619,164106257729694,164106261005161,164106262420544,164106264082347,164106273586252,164106274394825,164106276413318,164106279138417,164106284559653,164106287216425,164106291714067,164106297381898,164106298975689,164106300040527,164106300652034,164106301468146,164106303367146)
Results found. Proceeding with further steps. for (164106165006158,164106302652054,164106307865774,164106308860074,164106310757207,164106314075955,164106315497657,164106319089976,164106321723764,164106323175649,164106324368623,164106326064295,164106326967721,164106331713968,164106345664941,164106349387411,164106352261529,164106354838155,164106355922741,164106358298255,164106361942629,164106364361519,164106373154166,164106374587714,164106374896602)
Results found. Proceeding with further steps. for (164106355344236,164106384628216,164106389244965,164106404472558,164106405286749,164106406891110,164106409088655,164106411115569,164106413804342,164106416225185,164106417613554,164106418894489,164106425022539,164106425359754,164106427794096,164106432128475,164106432542164,164106433402325,164106433446828,164106436662673,164106437632571,164106438070749,164106439550798,164106440121285,164106442931651)
Results found. Proceeding with further steps. for (164106387418888,164106436735075,164106436736664,164106436737439,164106445691025,164106449814912,164106452161790,164106455600495,164106456875161,164106458494393,164106460658203,164106469409624,164106472621856,164106473604990,164106484247910,164106494643544,164106496932127,164106501042499,164106502573975,164106508649392,164106517923833,164106519558456,164106520755723,164106523100814,164106526549420)
Results found. Proceeding with further steps. for (163984001789580,164106516908872,164106529261312,164106530247642,164106532244585,164106536750257,164106536960363,164106550014446,164106558639905,164106560957744,164106567498549,164106588990774,164106589914402,164106592132720,164106593317990,164106594876591,164106597596891,164106600135220,164106603734004,164106603967199,164106609622513,164106616564301,164106635520725,164106641458020,164106641812467)
Results found. Proceeding with further steps. for (164106644374389,164106645475071,164106652063190,164106655143222,164106657977635,164106660433286,164106667868499,164106670836269,164106673109831,164106673991130,164106675079054,164106675682953,164106677816257,164106679594447,164106681838091,164106683241009,164106685704582,164106688489828,164106689110367,164106692026763,164106692406746,164106694218694,164106706098963,164106711824498,164106723948649)
