172676464627898
172676783491867
172676966387098
172677931418437
172678321381658
172681673429143
172684511628954
172684694772277
172684796789392
172684796845571
172684845575218
172684982043375
172685032033527
172685446891935
172685868529539
172686178116837
172686289943295
172686696873862
172686918892164
172690417696308
172692557643260
172692828581123
172693813460235
172694486902633
172694823343770
172695098710951
172695168313360
172699602742742
172700314476583
172700826044253
172701041014167
172701362123358
172701542951666
172702061244328
172702299853575
172702390768837
172703276521189
172704730138840
172710013287920
172710092139657
172711717465791
172711948402035
172712562115106
172713696230775
172716690999672
172720248378329
172720349056739
172720778517981
172724959939230
172725408294278
172725627552062
172726076427699
172727117057117
172727292956437
172728715840016
172729579968630
172730022097314
172733169119312
172733670146179
172736121184078
172736770031632
172737300841739
172737792287036
172737898358382
172742158910187
172742333650198
172742716364171
172743113742300
172743750234171
172745595178804
172745834428844
172747366956189
172751039904578
172751583842949
172751721162024
172752083691176
172752768264138
172753160613677
172753319715005
172759757060653
172760565029267
172761478094952
172761527272020
172761768019245
172761776290295
172762642131873
172762761992587
172762902478246
172763039922388
172763199942120
172763397715396
172763505992147
172763713217849
172763757473289
172763792705844
172763805207099
172764256189097
172768856213717
172769704681078
172770015719604
172770743453116
172772421142825
172772755465414
172773036693717
172777459877989
172778186740416
172778234672939
172778244993347
172778343373777
172778386776211
172778754209264
172779272489981
172779767933869
172785362074926
172786135446037
172786147575110
172787028610755
172788892853458
172789289422945
172789416498643
172789534293856
172789830105120
172790055364324
172790342152034
172790384713612
172790412892223
172793789664893
172796014776951
172797396739711
172798616635562
172798716317692
172802942041063
172804046020193
172804239440432
172804905178557
172805556609620
172806067069439
172806075631146
172806265620847
172806710334870
172810990505454
172811234705366
172811923633534
172811953190151
172812123246797
172812214935196
172812835915697
172813261246165
172813294006979
172813600432868
172814165541709
172814510715574
172815452733337
172815991771005
172816053693820
172819922067846
172820834204504
172820976581117
172820996205895
172821441499620
172822031128058
172822124972416
172822735180826
172823302279321
172823656874092
172824115513040
172824184520418
172824312351593
172824488207040
172824512107044
172824860406013
172825109142998
172828866005011
172828867872954
172830141404760
172830191916681
172831431125666
172831482549700
172831727234676
172832147729599
172832543372401
172832885643217
172833242591956
172833427607690
172833744693024
172837016958237
172837870060189
172837910728965
172838077804530
172838091508668
172838305974501
172838810426468
172839976654346
172840297246571
172840623095353
172840868973368
172841055673996
172841181916369
172841873050673
172846194963097
172846762228201
172846920559114
172846990629599
172847247324592
172847999825358
172849075548935
172849939710372
172850511817844
172850556672249
172854309999305
172855129924069
172856483181692
172858895098755
172859053450852
172859074150301
172863633180828
172863995686461
172864300579799
172865117282538
172865596978510
172865682936345
172866002432707
172867581202709
172867808545626
172867863765406
172870901796902
172872659524862
172873887443141
172874418094373
172874686675481
172875050585759
172876553372922
172876554101024
172880677762534
172880754309380
172881067293453
172881107059057
172881116263296
172882056244799
172882405943423
172882757881778
172882782675613
172883193419137
172883221790299
172883249781375
172883899033229
172884184320734
172884378182079
172884709321891
172884715083366
172884724311864
172884815153503
172886311370081
172889179613239
172889350481046
172889593460817
172891418226968
172891520050626
172892299643382
172892653822980
172892908586510
172893379647973
172893483916226
172897264568668
172898002704755
172898210868569
172898439023326
172898754421197
172898852073443
172899988200519
172900044148478
172900049948319
172900512913727
172900733550224
