170811789684577
170850212978575
171010246456523
171015394839921
171068460689479
171079382717051
171198196654629
171294562816674
171368807525933
171372788485626
171388865611904
171416504144238
171446664520635
171518834878494
171614731348876
171683892609522
171776805575355
171786691489779
171856301746957
171861713824159
171864234504334
171878301559878
171896024652732
171896252777276
171947438979576
171947563469609
171959457607933
171959852220795
171959878189389
171959926475687
171960095105020
171960178214239
171960208404952
171960387987765
171964376560280
171965467746407
171973211557845
171973604983236
171974472005763
171976872360339
171981901285938
171983560104360
171986152308229
172017672461502
172027599120784
172030130105551
172080161544161
172091317303354
172098986623274
172105720047784
172122009037238
172132967458380
172133047523599
172133337830185
172133476959164
172136263422723
172136951518166
172137664047925
172139469130168
172141107035643
172141734500598
172142358110937
172146092272948
172148014443307
172148280871519
172148695483119
172155423975241
172155972113384
172156022679851
172159404942170
172160162763225
172163877223147
172166888376021
172175819252515
172176542648571
172176871280580
172183165603064
172191642519491
172194297976355
172214910206005
172215051708783
172215475410328
172216884192134
172218007147511
172227774739934
172227790884333
172228130871095
172234472752670
172234497265351
172234979101144
172236779990055
172243764276153
172253314861587
172260097407613
172260677169919
172267272713254
172268524190579
172271487451941
172271585446937
172277875861520
172280099650875
172280451522143
172284717430071
172285085610620
172305869032941
172313233320432
172314320884986
172314436403170
172322949851261
172347708368540
172348141227119
172350372859944
172353304583464
172356406411725
172364988853549
172371375745965
172371630661659
172380374586977
172389964008585
172390939245657
172392098087284
172398176369734
172399858847619
172406008417326
172407679897680
172410030508574
172414776297461
172415803867462
172424120196702
172425398373796
172426328942323
172435990813366
172448125651848
172452616511227
172452712125866
172460231230543
172460248628645
172460279899467
172466136159293
172478037874118
172478337313182
172484041220362
172484063235310
172484294606835
172493484520653
172499806350095
172501374940557
172501746284509
172503794956200
172504742405516
172509050162579
172510659835094
172510889013914
172518675869491
172519442149637
172521605261651
172522500894097
172527170648424
172530552711171
172534926925796
172536343838171
172536584606211
172537848930451
172538100905027
172538325391646
172539901503930
172543608485788
172544048001234
172546416550724
172547838842512
172548004830659
172548220948511
172561189778199
172570010606322
172572042121775
172572063207269
172572493335760
172572637272707
172572715942094
172573340672549
172573383808613
172573617328189
172581409535287
172581436494056
172582742218653
172582874551156
172588657940344
172589907865324
172590144798876
172590815108180
172590896504324
172591445156432
172595617603599
172596632669487
172598314089930
172598542522773
172598875222911
172598955949679
172600306563935
172600308838298
172600537190849
172604655584832
172604671356617
172607297291491
172607479506707
172607701180859
172608401060137
172609591807411
172612961914237
172616513157435
172617555103920
172617912711372
172621235180299
172621718280948
172622239623575
172624234777012
172625250859067
172625285649966
172625548131301
172625760371499
172625806266892
172630577953360
172631310096205
172632043830425
172632356945990
172634644877409
172638990971238
172639181970152
172639375643254
172639652374108
172640289461238
172640967940109
172641428878882
172642088233378
172646801400630
172647995643490
172649599863959
172650114145275
172650135121412
172650266061752
172651170313742
172651235282595
172651256832206
172651792249206
172651948573960
172652025723124
172655408031460
172655563124634
172655814071470
172656401298888
172656511332530
172656551005944
172656614617230
172657894513315
172658765875832
172658963297094
172659204625318
172659267787780
172659619391765
172659900434221
172659956595914
172660191407286
172660207361816
172660468229597
172660484835254
172664792670009
172665197289092
172665452794272
172665556463422
172667406553680
172668045908280
172668671529506
172668749726067
172669083021448
172672998218772
172673326350348
172674363607435
172674374084046
172674441023387
172674443740749
172675351746105
172675737794369
172676143863151
172676156510318
