173093163741241
173096903098331
173097097398493
173097334935324
173097355192442
173097367975196
173097610766652
173097674774036
173097692581475
173097701077007
173097740072675
173097754211192
173097932649795
173097941707431
173098116170222
173098138872552
173098296986840
173099063170182
173099442140225
173099620026601
173099862289956
173099935673333
173099963233991
173100087422610
173100183815207
173100195149119
173100268856669
173100325271405
173100440241288
173100447858727
173100775268252
173100788534538
173100816369789
173100909706575
173101023317403
173101045369659
173101452639021
173101496517548
173101631416830
173101648661755
173101664086356
173101742359800
173104132464332
173104996621405
173105026582694
173105147385374
173105218445456
173105352519080
173105444744117
173105535415813
173105626807642
173105770765846
173105849288762
173105854996642
173106163294184
173106364936585
173106447345319
173106816642078
173106880947713
173106972914999
173107120197913
173107146182136
173107362236816
173107452598435
173107807861758
173108056748559
173108058649972
173108518022596
173109116670628
173109188621931
173109195119646
173109195778394
173109219632538
173109319039921
173109344027651
173109535739070
173109769749165
173109809802932
173109858674425
173109898820732
173109974869490
173109992059990
173110047540992
173110099633342
173110106484349
173110190601209
173110253466356
173110471402138
173110515082200
173110604646816
173110750108871
173114263318247
173114295835233
173114560513523
173114588930480
173114606271023
173114679076667
173114873271873
173114948949091
173114987029701
173115014121757
173115084753729
173115189571748
173115382033536
173115407646538
173115423203624
173115522666459
173115949720851
173115989069158
173116092829996
173116144050289
173116163457943
173116356233666
173116377750416
173116381781829
173116382950693
173116882509904
173117058014699
173117233275694
173117618129591
173117618989155
173117619751685
173117705318192
173117722595751
173117893150431
173118202557224
173118212400624
173118277094650
173118322363881
173118360069922
173118386844266
173118396937888
173118416662654
173118656370573
173118664652381
173118758541216
173118941034828
173119009515394
173119200546085
173119256257425
173119323840896
173119909426331
173122350665001
173123030314156
173123119714352
173123251306146
173123291266142
173123598557647
173123699149033
173123879807767
173124054271424
173124226640384
173124389924371
173124390621790
173124441451483
173124489478172
173124536652202
173124668213985
173124720815250
173124855248460
173124874520620
173124876723237
173125095394992
173125192123140
173125275197788
173125286550427
173125378252861
173125498477916
173125675095741
173126156155776
173126312318516
173126413499823
173126476263748
173126523112069
173126588086976
173126850665793
173126919437972
173126978048403
173127064551657
173127162175283
173127223398125
173127234212270
173127240288078
173127247848950
