Results found. Proceeding with further steps. for (163947543355459,164049812879963,164049901669530,164099639666282,164099673707593,164099905756501,164100050212175,164100226318556,164100241509425,164100260051192,164100315225436,164100393794799,164100420728478,164100453337422,164100755974205,164100799221400,164100836721926,164100911267842,164101178736137,164101211608590,164101235666574,164101268652965,164101365454522,164101375945948,164101392266695)
Results found. Proceeding with further steps. for (164101342436998,164101375461230,164101518098814,164101550583921,164101569276860,164101594760441,164101640889975,164101661581098,164101667732348,164101668746655,164101678547304,164101689212784,164101691237718,164101718136793,164101728901252,164101733588591,164101744052975,164101752664986,164101807865839,164101810012366,164101817458243,164101854325714,164101880181028,164101883320408,164101900306065)
Results found. Proceeding with further steps. for (163561201682885,163604134441388,164043994232760,164064999704498,164071392747089,164101904995073,164101954305327,164101966329617,164101966891910,164101970194717,164101980347907,164101988981426,164102013925626,164102032424418,164102059693402,164102088767766,164102098693203,164102108454565,164102125519108,164102129999268,164102131756818,164102136071218,164102161935106,164102182429344,164102190738842)
Results found. Proceeding with further steps. for (163914571515055,164102180908156,164102196672358,164102197622076,164102208703013,164102241254707,164102248630099,164102262890788,164102263038164,164102276963459,164102277966093,164102282744125,164102301155773,164102312294297,164102313881037,164102317150849,164102325906625,164102330971600,164102332084319,164102343399333,164102356940143,164102358346755,164102367199089,164102399811156,164102407186690)
Results found. Proceeding with further steps. for (163985630067840,164080982513985,164102408537202,164102423917180,164102470108562,164102471132988,164102475767867,164102493832163,164102494957936,164102496419462,164102506682489,164102517790588,164102543849501,164102544935485,164102549579069,164102551859391,164102552324987,164102562968551,164102565893621,164102571784909,164102576940392,164102594515872,164102624866549,164102629556974,164102658838335)
Results found. Proceeding with further steps. for (159516436318282,163652944563023,163913064007977,163921888358922,164102662987037,164102684798896,164102689025835,164102692468549,164102696256309,164102697569436,164102697642340,164102700348124,164102703442324,164102713063460,164102715353846,164102722406549,164102723812260,164102727032785,164102727096726,164102733913056,164102734636598,164102734840417,164102738443538,164102741265010,164102745489959)
Results found. Proceeding with further steps. for (163963394010718,164102750463923,164102751333171,164102761652293,164102763244347,164102764959042,164102765168469,164102770454049,164102772814128,164102780294206,164102781657322,164102793929850,164102805373545,164102805394479,164102811426773,164102820874559,164102822237135,164102824630893,164102825923795,164102831423277,164102837506322,164102843284621,164102847459107,164102849783276,164102856292264)
Results found. Proceeding with further steps. for (164102773763583,164102852677731,164102866416375,164102870640537,164102873081811,164102875280809,164102876283669,164102877526002,164102881671349,164102886011857,164102886853992,164102896375400,164102899640076,164102899874852,164102908821516,164102914503380,164102918035192,164102936405167,164102939083090,164102944831460,164102948381725,164102952257340,164102954026183,164102968664318,164102970738128)
Results found. Proceeding with further steps. for (163968922906279,164095332653741,164102972711128,164102975549197,164102976870024,164102977949059,164102978057979,164102979386223,164102984418895,164102985522052,164102988812082,164102989771050,164102990164699,164102990778386,164102991159821,164102991223556,164102994019007,164102999574463,164103013872240,164103015063411,164103015709473,164103016029613,164103024118709,164103029547385,164103034074793)
Results found. Proceeding with further steps. for (163975946510630,164103027279902,164103039282108,164103041406363,164103047124302,164103049813990,164103051553971,164103055342269,164103056117005,164103059661166,164103061611593,164103072228123,164103080253355,164103083332451,164103084667910,164103091963632,164103093355847,164103093419581,164103095109792,164103098058572,164103098132399,164103098517920,164103098823536,164103100133238,164103101839316)
Results found. Proceeding with further steps. for (163604565750679,163882265698098,164103102292874,164103104105604,164103104738836,164103105967428,164103107037306,164103108574913,164103109910045,164103113708550,164103114084165,164103114460884,164103115133799,164103117678854,164103121685997,164103125323464,164103127378255,164103128063883,164103129894497,164103130028933,164103131445864,164103135123042,164103135961814,164103137931400,164103143522629)
Results found. Proceeding with further steps. for (164068467282437,164087962792384,164103031025937,164103134177961,164103140405824,164103164476529,164103164539194,164103167301287,164103167401098,164103167947274,164103169489693,164103171529274,164103172110291,164103172738751,164103173818875,164103174161953,164103176553961,164103191933220,164103194020217,164103208209075,164103208335116,164103214612527,164103220199157,164103226115897,164103228524286)
Results found. Proceeding with further steps. for (164103229954104,164103231051339,164103235225793,164103239763728,164103241936087,164103245879036,164103249451389,164103250880866,164103251134110,164103251257363,164103251436169,164103252253660,164103255960960,164103256291033,164103260069560,164103262444084,164103263490392,164103264507881,164103266792664,164103267107632,164103271810723,164103274343272,164103278129799,164103279421325,164103279627223)
Results found. Proceeding with further steps. for (164063781139277,164103260759779,164103286055681,164103286127424,164103287313644,164103288925224,164103289100831,164103295160131,164103297556202,164103297699566,164103301060874,164103302337063,164103304453376,164103308050063,164103308190768,164103310661435,164103311153074,164103312759474,164103314921571,164103316637050,164103316865339,164103323010781,164103324313776,164103325177606,164103325179786)
Results found. Proceeding with further steps. for (164103329421362,164103334829407,164103337212063,164103340807837,164103342774087,164103344716664,164103345015425,164103345694364,164103346942097,164103351809607,164103352856319,164103355231528,164103362015481,164103363413710,164103366274238,164103366577658,164103366993964,164103372501214,164103374616742,164103376653860,164103376780337,164103377770522,164103377835252,164103379557493,164103381248442)
Results found. Proceeding with further steps. for (163923193886637,164103371002007,164103378195465,164103381436913,164103381968330,164103384265960,164103387830974,164103389773554,164103392394498,164103394904463,164103396063168,164103398212848,164103400335519,164103403995713,164103404320533,164103406160479,164103408176132,164103409605042,164103413637213,164103420208050,164103422535488,164103424035970,164103426294093,164103433721423,164103433942332)
Results found. Proceeding with further steps. for (163688763742081,164034353859878,164051436802635,164103421272768,164103421687677,164103427462397,164103434318779,164103443900843,164103448333164,164103450761078,164103451940257,164103453315740,164103455999414,164103457012790,164103458526078,164103459844589,164103460852422,164103463392077,164103463487859,164103466182621,164103466187636,164103467075677,164103467490581,164103467494407,164103469385444)
Results found. Proceeding with further steps. for (164026572690238,164034174727707,164103469436583,164103469703327,164103471907085,164103472622156,164103472938022,164103473423852,164103475739762,164103475983390,164103477153427,164103481382790,164103482922709,164103483990244,164103485065178,164103485855579,164103485944090,164103489130972,164103489267676,164103493453405,164103493779050,164103493930705,164103497977652,164103504608838,164103508873530)
Results found. Proceeding with further steps. for (163985722981474,164001484174638,164068616813983,164103498121763,164103513859867,164103515577902,164103517368128,164103519220235,164103521506665,164103522886945,164103527685765,164103528912091,164103529533271,164103535967129,164103536466219,164103536795495,164103539611335,164103540860857,164103546292485,164103546981199,164103548629286,164103556272834,164103559435080,164103559521959,164103573314443)
Results found. Proceeding with further steps. for (164103526231589,164103559292147,164103574647619,164103577693668,164103584233670,164103588185268,164103589271308,164103594950094,164103595919921,164103597868023,164103601042092,164103608363699,164103609139735,164103610181799,164103610373655,164103618892092,164103620785642,164103626383469,164103626662819,164103627753691,164103637312431,164103638615788,164103639008466,164103641005970,164103646618257)
Results found. Proceeding with further steps. for (164027368371904,164103647969312,164103648264085,164103648483825,164103654253642,164103657625315,164103659266870,164103662558946,164103664594317,164103667031836,164103668773881,164103669896943,164103673548018,164103673765919,164103676330989,164103677682718,164103680665166,164103681568250,164103683584666,164103684353985,164103686185190,164103688675371,164103688994041,164103692821770,164103693637736)
