88508
88527
88528
88529
88530
88534
88535
88537
88539
88540
88542
88544
88545
88546
88547
88548
88550
88551
88553
88554
88555
88557
88559
88560
88561
88562
88563
88564
88565
88567
88568
88569
88571
88573
88575
88576
88577
88578
88580
88581
88583
88585
88586
88588
88590
88591
88592
88593
88594
88595
88597
88600
88602
88621
88622
88623
88624
88625
88626
88627
88630
88632
88637
88639
88641
88643
88646
88648
88650
88651
88653
88654
88656
88658
88660
88662
88663
88664
88665
88666
88667
88668
88669
88670
88671
88673
88675
88677
88678
88679
88680
88681
88682
88683
88684
88685
88686
88691
88694
88696
88697
88699
88700
88701
88702
88704
88706
88708
88710
88712
88713
88714
88715
88717
88719
88721
88723
88724
88726
88728
88729
88731
88732
88734
88736
88737
88738
88740
88742
88744
88746
88748
88749
88751
88753
88757
88759
88761
88763
88766
88768
88770
88771
88773
88775
88777
88779
88781
88783
88785
88787
88788
88790
88791
88793
88795
88797
88799
88801
88803
88805
88807
88809
88810
88812
88814
88818
88819
88820
88821
88822
88823
88824
88825
88826
88827
88828
88829
88831
88833
88834
88836
88837
88840
88841
88842
88843
88845
88847
88849
88851
88854
88857
88859
88860
88861
88862
88865
88867
88869
88871
88873
88875
88877
88879
88881
88882
88883
88885
88886
88887
88888
88890
88892
88894
88896
88898
88900
88901
88902
88903
88904
88906
88907
88909
88911
88912
88913
88914
88916
88917
88919
88921
88922
88924
88926
88928
88930
88931
88932
88933
88942
88943
88945
88947
88948
88949
88950
88952
88953
88955
88957
88958
88960
88962
88963
88965
88966
88967
88969
88971
88974
88976
88977
88978
88979
88980
88982
88984
88986
88988
88990
88991
88993
88995
88997
88999
89001
89003
89005
89008
89010
89012
89014
89015
89017
89019
89021
89023
89026
89027
89028
89030
89032
89033
89037
89040
89042
89044
89046
89048
89049
89050
89051
89052
89053
89054
89055
89056
89057
89058
89059
89060
89061
89062
89063
89064
89065
89066
89068
89070
89072
89073
89074
89076
89077
89078
89079
89081
89082
89083
89084
89085
89086
89089
89091
89093
89095
89096
89100
89104
89105
89108
89110
89112
89114
89116
89118
89120
89122
89124
89125
89127
89129
89131
89133
89134
89136
89138
89140
89142
89143
89145
89147
89149
89151
89153
89155
89157
89159
89161
89163
89165
89166
89168
89169
89172
89174
89175
89177
89179
89181
89183
89184
89185
89186
89187
89188
89189
89190
89191
89193
89194
89196
89198
89199
89202
89204
89206
89208
89210
89211
89212
89213
89214
89216
89217
89218
89220
89222
89224
89226
89228
89229
89230
89231
89232
89233
89234
89235
89236
89237
89238
89239
89240
89241
89242
89243
89244
89245
89246
89247
89249
89251
89253
89255
89256
89257
89259
89261
89263
89265
89266
89267
89268
89269
89270
89272
89275
89278
89281
89285
89286
89288
89290
89292
89294
89296
89298
89299
89300
89301
89302
89304
89306
89308
89310
89311
89314
89316
89318
89320
89322
89324
89326
89328
89330
89332
89335
89337
89338
89340
89342
89343
89344
89345
89346
89347
89348
89349
89350
89373
90311
