171402682349905
172811323930714,172839316979530
172788958396654,172803936013352,172811316463069
172792450055845,172813128630478,172841912597447
172786691745854,172811261700087,172811325014275
172788517687087,172808864776556,172811321388926
172811660966008,172824563138501,172839301613977
172797599795405,172803618886944,172820539003030
172804255578590,172821834504741
172824224549105
172798538526668,172799335142675,172819693670379,172828823665563
172795185027024,172811971328042,172815099595186,172820776323272,172823508693789,172844256896577,172845186630989
172798789565430,172810662219844,172840383981137
172804226326773,172823210013502,172840799659769
172811805872165
172789879683248,172808780376795,172825217078963,172838513158062
171006542175713,171049779781925,171050044159507,171075584202516,171096221004446,171102786357906,171170027731228,171171008779460,171171140482858,171198093958891,171203954183885,171206077868421,171213501776851,171233332927944,171273212925591,171293429524089,171316708002308,171377681685010,171420532241360,171481477590381,171517280220883,171532993665593,171560435970165,171593787426267,171610161404158,171847891527259,172090128113096,172302201148554,172304718940401,172356899469193,172763963860727,172804683961803,172806220909970,172821493420952
171034573799956,171042860627083,171093645551082,171122439289145,171131370078105,171144866539849,171207893922176,171248802162126,171264810629079,171274399029157,171316782070311,171359825590357,171360396746318,171368699906770,171420235236388,171420912926067,171430505678240,171431756599644,171439663102994,171440671518546,171446636950668,171456153403635,171462834613144,171489522068851,171517336147284,171551775719557,171593486001076,171597550799774,171611369215775,171632413044946,171768169631450,171837549581340,171848911921816,171865453572234,171898303727106,171926138101752,172011385746471,172090127878456,172104169264364,172225802396193,172435707050439,172782424979262
171015204237132,171075274957539,171084168622982,171092887446647,171136000897520,171140511729942,171140688276326,171164392777948,171179570203475,171213539822049,171301044005855,171342225026517,171343190832345,171446964733567,171447733617949,171498539279630,171509438616657,171510592396176,171542763272046,171567903999540,171745594830674,171991067125193,172131907370387,172181464959075,172197962255395,172310221566642,172467094572593,172727878114492
171015757456867,171119787621914,171136862490586,171137354008235,171147376376969,171152936471648,171170942242351,171199737946432,171205448845757,171207910499513,171265653172973,171269348706395,171273633943802,171319847982636,171449010810742,171463680906034,171493750867364,171516098600492,171542032279997,171543066166635,171550357080673,171560849403152,171567182127384,171583792456094,171620561143818,171657265809643,171662710492368,171676391058816,171834955277798,172082858786041,172114854781149,172345263131871,172467712441159,172547157904904,172647582879991,172668399303031,172669266858284,172696350309320
171049667403813,171103911207356,171112183126525,171144923291645,171146184018547,171164422343783,171204902892113,171223477056335,171230751702748,171265145207243,171274384796050,171274398214586,171282246879871,171372015792323,171379295995477,171411524790206,171429204281530,171432237120670,171437575762848,171515521711796,171532967292804,171778885022247,171888356668749,171985805786870,172097802472219,172275541663337,172288992124433,172363588932655,172388935831563,172470507455285,172512847685367,172570194222788,172630340788632,172669161397467,172784849285846,172814367962395
171008566662847,171085632217503,171092928461685,171093419624693,171136686956692,171140688400984,171162111354396,171166769812901,171171008294272,171179037346145,171180897545435,171195561149766,171283072475452,171300806294519,171308195315458,171394928591310,171395959284440,171399425912535,171411964581675,171411991702439,171473834427278,171500731911381,171502266128563,171506378756373,171517229253563,171533388576411,171570157080747,171585798612086,171602414986852,171610100722882,171629051085583,171726820746917,172537745177372,172587563800750
171008861197418,171062099814529,171118946008925,171130022930299,171136546914953,171138052695097,171161934683943,171179655021607,171224143623449,171274724506425,171291696481158,171300415686386,171318418705813,171354651897942,171398722242982,171423085564879,171435843607430,171439190318969,171446910392888,171455623458898,171456395719232,171466154846860,171487261661068,171489761921419,171506501030068,171510056294300,171550486423097,171550992157880,171676273099681,172036942321575,172094861362946,172168971801126,172174144472380,172210797538832,172356905598847,172450951508478,172478421237480,172536269997160,172616334888035
171070533001756,171127139690669,171131950299185,171200990432569,171207959218097,171213708430711,171230967515229,171242337451781,171265662482847,171308581158206,171380155695172,171420890257493,171446073875603,171462784781487,171464046790731,171466499855049,171532695450708,171533083878383,171544387057619,171551475615660,171561685616705,171585251650245,171586060412138,171586757307933,171898762859548,171947670697685,171992133919599,172217065945833,172264722098431,172348776375140,172362839279818,172467030233503,172574416483559
171172977110933,171186872813655,171265152625976,171274457900754,171386451887336,171399701157413,171411642675355,171412422816857,171413949336777,171439234467084,171447238691198,171463961044780,171483672218832,171485420893608,171498498240938,171502345751915,171516808910023,171554991886140,171567182238165,171597876871563,171602344369684,171737270190312,171813171167718,171959951209472,171964751190019,172094698077915,172182678459368,172198368214598,172275544531739,172414394684441,172449209607057,172537884590826,172580722581633,172670912871299,172789049262165
171026225654590,171074831515397,171095027935171,171145698040005,171175401616600,171189627573446,171221997140169,171230577963248,171230991664924,171247821743454,171283088619309,171316021055301,171368878712346,171429820757833,171439240819445,171440662892826,171466969561726,171472757586662,171482193540692,171500540113067,171533107913394,171560431280075,171599622405049,171602789520493,171670441503984,171748908636790,171786712982491,171922512860798,172446714531692,172537728758101,172579638073663,172609362428150,172620489406607,172764184882508
171019861710043,171084182222391,171118632707526,171144555341576,171169253145946,171180973089655,171188104422357,171198360633615,171248633722049,171251037433182,171265148313672,171292188804970,171299584987347,171309527201211,171338818323668,171412431170101,171420658709003,171422438500590,171430605807133,171438515801323,171439220310000,171455468747696,171456336573656,171464378383847,171490088366062,171500558775633,171516077313643,171516483539113,171552445116751,171588060563797,171594349082301,171676268481419,171813120588960,172062384251335,172146068502761,172193181900438,172451257154517,172660784711758,172703281558927,172710787706512
171006080924639,171006146394524,171017632808178,171041856639332,171075974027152,171119893911348,171136555978309,171155030094473,171155361803328,171155920706525,171172587055583,171188612773173,171189836805755,171213546978772,171249078016657,171267068686637,171343064249619,171369033164760,171377644007995,171420043703778,171438323081748,171458298170604,171475424402249,171488722724461,171526803773774,171550932788763,171559880767023,171586497378774,171589925504260,171614316969634,171656641368042,171978369216348,172131642107829,172172583976881,172225371735538,172545035974622,172710920159922,172786955091923
171146490141676,172379261500689
171146490141676,172379261500689
172643332762788,172682950814185,172684622381499,172743241862938,172786029724090,172794863245249,172850828890295
172605354679162,172682308276228,172693121712902,172705120213835,172711938503945,172742665987253,172755442473936,172759324971750,172805420542295,172823941521423
172660378349636,172718384849026,172721444665821,172823590256524,172832064864634
