------2024-11-14 15:49:54.679--------
172828256887987
Mismatch Out of above
------2024-11-14 15:54:07.621--------
172828256887987
Mismatch Out of above
------2024-11-14 15:55:02.604--------
172131380400741,171360514030366
Mismatch Out of above
------2024-11-14 15:55:20.677--------
171603197118972,172103635369867,171785521444486,171941150769652
Mismatch Out of above
------2024-11-14 15:55:42.029--------
171914414480034,171345498365997,171448727504526
Mismatch Out of above
------2024-11-14 15:56:03.909--------
172314558092754
Mismatch Out of above
------2024-11-14 15:56:23.491--------
172095682287152,172526009366098,171096101437401,171082140968307,172766940658320,172654919567597,171054154784657,171173294370650,171946925466383,171860087324504,172416915150877,172452026565018,172823195324550,172019726540949,172131699687848,172286980851846,172488722153659,172183278424970,172246570445677,172420609536893,172442711029500,172463570699419,172572726676926,172670075101197,172774829030925,172020354983405,172330414131283,172673642938467,172082231767195,172261314098379
Mismatch Out of above
------2024-11-14 15:56:44.866--------
172452921216045,172531122724750,172737356536919,172037522279361,172427344350503,172581922607656,172322385289055,172357198021600,172796603557508,172034676276461,172335145857153,172548938444820,172723171952317,172088544781732,172185969536791,172375549240680,172295475410729,172299152915134,172305098145122,172460201633874,172463674339714,172494794632976,172615302809698,172721433577797,172057741512037,172080186723217,172080633624104,172110435596986,172123521469067,172126258152629
Mismatch Out of above
------2024-11-14 15:57:06.424--------
172210374056288,172221547160744,172490777663742,172583302091832,172619196082518,172642575374961,172650632393588,172702279990047,172745817028810,171446134005654,172629757548467,171096130827985,172848232349895,172088095061067,172089508761167,172150813831975,172183511781015,172213408437107,172226956630734,172299582808541,172308704244474,172334456862414,172433669773654,172536985024834,172632843942966,172653432318930,172713857690973,172782259973353,172807748400293,172841199557448
Mismatch Out of above
------2024-11-14 15:57:38.635--------
172847761336239,172851717353047,172123750645380,172247525665566,172269854207621,172278259160213,172526007778158,172766702189536,171522920852023,171098741987766,171142837792995,172386451766546,171028058679588,171832874611256,172338805485370,172339877384209,172349012072408,172367902064130,172369923770521,172444536507336,172453326405572,172460250420062,172476207796082,172477949785825,172565270085900,172591542536427,172640661769385,172648383065326,172746602543425,172833376514734
Mismatch Out of above
------2024-11-14 15:58:01.727--------
172835439506044,172852177971455,172319983818771,171116792811719,172460332208385,172488535526068,172497263407874,172506776926208,172619066674912,172658866309847,172667718061764,172244090648619,172333378224102,172512110062990,172593227394622,172632499960553,172633447250683,172646709670898,172754387545415,172790683713112,172839959111730,172325729879292,172349639235350,172532745115468,172676125584758,172850042161487,172814724448178,172848602570447,171756883111893,171532089980711
Mismatch Out of above
------2024-11-14 15:58:22.634--------
172166568626068,171350935823346,172160745295034,171096111417535,171615725194244,172166307315031,172820954988187,172488377861534,172818335160336,171392907523164,172834645169788,172850442859806,172702386868916,172713133675798,172852332570843,172773481441904,172813564901705,172825579201376,171832958088265,172849580782322,171350872400651,172278478090068,172296658245264,172330494550454,172399182695969,172459590880407,172470547538794,172674400355196,172676591794408,172688426322917
Mismatch Out of above
------2024-11-14 15:58:49.170--------
172782042227387,172789053063593,172807479585418,172848499433732,172838690524379,172842901945631,172798752367624,172814246549096
Mismatch Out of above
