Results found. Proceeding with further steps. for (166342808657766,166844760973199,167253111705050,167253112404583,167253125928410,167253135387333,167253159984435,167253174101916,167253183983613,167253200968409,167253208514737,167253208875799,167253211448038,167253236646018,167253254387249,167253279613382,167253284947659,167253288811274,167253319242187,167253341440964,167253368071946,167253371463167,167253375596556,167253384046756,167253385545079)
Results found. Proceeding with further steps. for (167150956723423,167166950242118,167253384454882,167253396616535,167253407957917,167253429673437,167253442642917,167253452277934,167253454184375,167253467939492,167253522832202,167253547105762,167253612799974,167253613457175,167253638683605,167253692645965,167253693948343,167253720257315,167253745423108,167253748967769,167253750282159,167253782100010,167253807831380,167253812282506,167253822170121)
Results found. Proceeding with further steps. for (166767965872337,167253855821682,167253872433133,167253882609358,167253901585442,167253913153580,167253919541257,167253921093842,167253922771577,167253930590576,167253931386922,167253939258800,167253952343377,167253973901102,167253985171270,167253993666349,167254005951542,167254006115443,167254025769608,167254030498925,167254033919492,167254044976603,167254055096106,167254065960752,167254088039384)
Results found. Proceeding with further steps. for (166817680202599,167036678628241,167253688574737,167253874924724,167254098107740,167254158665748,167254162471766,167254186320117,167254187143247,167254192308241,167254209881627,167254222040010,167254228315810,167254256888903,167254298072921,167254305614250,167254348449312,167254370477152,167254388897655,167254399532233,167254438617791,167254441130325,167254487622899,167254491192795,167254513192486)
Results found. Proceeding with further steps. for (166809806751028,167231061382101,167254520311377,167254524007129,167254529281573,167254545324936,167254601642924,167254639103847,167254687258800,167254701972298,167254702735225,167254730933564,167254749870607,167254769994605,167254770492027,167254783221254,167254786457258,167254817796347,167254831950108,167254833714796,167254851175944,167254918538040,167254936766153,167254946752948,167254951618309)
Results found. Proceeding with further steps. for (167180716616628,167243769962488,167248826342593,167249687282744,167254963760894,167254983338162,167254986559130,167254988272713,167255009001132,167255036848535,167255091067740,167255091766857,167255122742475,167255125168425,167255145601092,167255156154301,167255201209455,167255218634692,167255244975371,167255249742538,167255251909348,167255258720654,167255265000061,167255270541356,167255293828728)
Results found. Proceeding with further steps. for (167057539288858,167164677340948,167219350933522,167255286975907,167255292672969,167255329195853,167255348443317,167255351149729,167255369746171,167255393891481,167255409631765,167255412769848,167255413373618,167255414661147,167255415282450,167255428483358,167255430401621,167255434382318,167255445034876,167255445834181,167255456078368,167255463105949,167255470073342,167255472184006,167255476702783)
Results found. Proceeding with further steps. for (167255488970620,167255497474801,167255514279222,167255518322242,167255537303322,167255556891153,167255581608912,167255604533028,167255606440703,167255609915912,167255622709522,167255626887458,167255631490943,167255640768259,167255642861764,167255645657338,167255661988053,167255665141618,167255668985462,167255675273016,167255681559340,167255699881684,167255700056749,167255700850506,167255702273369)
Results found. Proceeding with further steps. for (167255705114399,167255717331697,167255717657139,167255717722613,167255723955370,167255728974673,167255733330713,167255737476524,167255748649426,167255752260141,167255755474301,167255756588893,167255763392350,167255763398175,167255780313802,167255794878986,167255798859765,167255810772522,167255836074849,167255837840941,167255849145954,167255850186131,167255876443987,167255878344575,167255884011797)
Results found. Proceeding with further steps. for (167255807351144,167255838547944,167255840952229,167255875681676,167255886184735,167255891997459,167255896151154,167255908404937,167255922109786,167255937939582,167255941559792,167255943409229,167255944922154,167255945315436,167255945400658,167255948677683,167255949267212,167255950912125,167255951878243,167255952995478,167255957843932,167255966664785,167255968686384,167255984342880,167255984563157)
Results found. Proceeding with further steps. for (167209261151060,167229410680661,167247277086606,167247605653800,167256000879077,167256002536439,167256006307386,167256012258070,167256016236166,167256017090700,167256020696273,167256020818996,167256028776396,167256029325013,167256035775270,167256049849674,167256050647204,167256064143128,167256076510722,167256082881766,167256093106072,167256102537321,167256104920673,167256112282357,167256117749136)
Results found. Proceeding with further steps. for (167186925752483,167252156956259,167256106727184,167256111222360,167256116429369,167256120309247,167256122986225,167256135625200,167256140253374,167256140988816,167256143415030,167256145178891,167256150750607,167256153411131,167256153451007,167256153927334,167256161545179,167256162337292,167256162723317,167256169962641,167256188772393,167256190910314,167256197312517,167256199508968,167256211218507)
Results found. Proceeding with further steps. for (166964118818092,167239266842881,167256132418426,167256164674375,167256205011661,167256206693281,167256211078647,167256218311317,167256224855026,167256230943403,167256231897558,167256235606404,167256236871459,167256239514816,167256240310134,167256241793389,167256251821504,167256252682938,167256253063745,167256253781369,167256254449842,167256254525176,167256259564757,167256260380491,167256262802676)
Results found. Proceeding with further steps. for (166342808657766,166844760973199,167253111705050,167253112404583,167253125928410,167253135387333,167253159984435,167253174101916,167253183983613,167253200968409,167253208514737,167253208875799,167253211448038,167253236646018,167253254387249,167253279613382,167253284947659,167253288811274,167253319242187,167253341440964,167253368071946,167253371463167,167253375596556,167253384046756,167253385545079)
Results found. Proceeding with further steps. for (167150956723423,167166950242118,167253384454882,167253396616535,167253407957917,167253429673437,167253442642917,167253452277934,167253454184375,167253467939492,167253522832202,167253547105762,167253612799974,167253613457175,167253638683605,167253692645965,167253693948343,167253720257315,167253745423108,167253748967769,167253750282159,167253782100010,167253807831380,167253812282506,167253822170121)
Results found. Proceeding with further steps. for (166767965872337,167253855821682,167253872433133,167253882609358,167253901585442,167253913153580,167253919541257,167253921093842,167253922771577,167253930590576,167253931386922,167253939258800,167253952343377,167253973901102,167253985171270,167253993666349,167254005951542,167254006115443,167254025769608,167254030498925,167254033919492,167254044976603,167254055096106,167254065960752,167254088039384)
Results found. Proceeding with further steps. for (166817680202599,167036678628241,167253688574737,167253874924724,167254098107740,167254158665748,167254162471766,167254186320117,167254187143247,167254192308241,167254209881627,167254222040010,167254228315810,167254256888903,167254298072921,167254305614250,167254348449312,167254370477152,167254388897655,167254399532233,167254438617791,167254441130325,167254487622899,167254491192795,167254513192486)
Results found. Proceeding with further steps. for (166809806751028,167231061382101,167254520311377,167254524007129,167254529281573,167254545324936,167254601642924,167254639103847,167254687258800,167254701972298,167254702735225,167254730933564,167254749870607,167254769994605,167254770492027,167254783221254,167254786457258,167254817796347,167254831950108,167254833714796,167254851175944,167254918538040,167254936766153,167254946752948,167254951618309)
Results found. Proceeding with further steps. for (167180716616628,167243769962488,167248826342593,167249687282744,167254963760894,167254983338162,167254986559130,167254988272713,167255009001132,167255036848535,167255091067740,167255091766857,167255122742475,167255125168425,167255145601092,167255156154301,167255201209455,167255218634692,167255244975371,167255249742538,167255251909348,167255258720654,167255265000061,167255270541356,167255293828728)
Results found. Proceeding with further steps. for (167057539288858,167164677340948,167219350933522,167255286975907,167255292672969,167255329195853,167255348443317,167255351149729,167255369746171,167255393891481,167255409631765,167255412769848,167255413373618,167255414661147,167255415282450,167255428483358,167255430401621,167255434382318,167255445034876,167255445834181,167255456078368,167255463105949,167255470073342,167255472184006,167255476702783)
Results found. Proceeding with further steps. for (167255488970620,167255497474801,167255514279222,167255518322242,167255537303322,167255556891153,167255581608912,167255604533028,167255606440703,167255609915912,167255622709522,167255626887458,167255631490943,167255640768259,167255642861764,167255645657338,167255661988053,167255665141618,167255668985462,167255675273016,167255681559340,167255699881684,167255700056749,167255700850506,167255702273369)
Results found. Proceeding with further steps. for (167255705114399,167255717331697,167255717657139,167255717722613,167255723955370,167255728974673,167255733330713,167255737476524,167255748649426,167255752260141,167255755474301,167255756588893,167255763392350,167255763398175,167255780313802,167255794878986,167255798859765,167255810772522,167255836074849,167255837840941,167255849145954,167255850186131,167255876443987,167255878344575,167255884011797)
Results found. Proceeding with further steps. for (167255807351144,167255838547944,167255840952229,167255875681676,167255886184735,167255891997459,167255896151154,167255908404937,167255922109786,167255937939582,167255941559792,167255943409229,167255944922154,167255945315436,167255945400658,167255948677683,167255949267212,167255950912125,167255951878243,167255952995478,167255957843932,167255966664785,167255968686384,167255984342880,167255984563157)
Results found. Proceeding with further steps. for (167209261151060,167229410680661,167247277086606,167247605653800,167256000879077,167256002536439,167256006307386,167256012258070,167256016236166,167256017090700,167256020696273,167256020818996,167256028776396,167256029325013,167256035775270,167256049849674,167256050647204,167256064143128,167256076510722,167256082881766,167256093106072,167256102537321,167256104920673,167256112282357,167256117749136)
