170665618355149,171573611133920,171666936970096,171704360889097,171772001230656,171838281310565,171858760993801,171925369246643,171926608248406,172196329868575,172278255847467,172372290425928,172393027058587,172395020362484,172412519431102,172454777324008,172456377718840,172477738516339,172518598797609,172538926920062,172580678932009,172584953932282,172590247049934,172599575601654,172623944335444,172658678374224,172684276736922,172708862584282,172720236215270,172729460659257,172731042589277,172740960774273,172745902115323,172754244986110,172756231242088,172759002374049,172769351211654,172781512728587,172797226936888,172799832131769,172824034836318,172827988985306,172836411878935,172841043897433,172861944864043,172881932919522,172890348498571,172917361455510,172919912797596,172936733462682,172938445215428,172946669622337,172946925015848,172959808642001,172964198936599,173008077355544,173011674286260,173013997932902,173015268751815,173025294912974,173030311793470,173039004831394,173053390909383,173059471550908
171055677898591,171930287203295,172532639736775,172560522655336,172942957504974,172993668034958,173004564189398,173011510392822,173051565467468,173058310213964,173106791318251,173188662336095,173189889664423,173195607613674,173196501738020,173203207095507
171675735490224,172732965673203,172735526779016,172761625287968,172803249860318
172944794340273,172975415913598
173011849287508,173151454099259,173162413737757
172733306011404,173080370302640,173080413182659
173205700666859,173210970736920,173211017627234
171854764525626,173092778124604
172426669435001
172964110477271
172971621635111,173039775757347,173066077440452,173195219976926
172031512202323,172202132669137,172970339739604
171936470149388,172515360367842,173118606571217
172972413679371
171816997263098,171869022136181,172163051500839
172097639200716
172926730864036,172926777301348
173032915709282
173161445608152
172205500720255
172342219524472,172809394266037,172886231472336,172979698373732,173153905757188,173160375785144
173021887692911
173136392176889
171555993312707,172248855603473,172456008883179
173088280268717,173088472173085,173157921639289
170970512938864,172256109024610,172352115933226,172609913359881,172799701833151,173165109982728,173165186623686
171988738034795,172188972699644,172225993179905,173133802979453
173160587325665
173064300018039,173064776634003,173068117269868,173069657712946,173076482236276,173076754342096,173081737861713,173082910808855,173088180191368,173092479728591,173093567809113,173098796017125,173098989802645,173100737095757,173116047170863,173118106670416,173123679474653,173126000972383,173129770295851,173134151783028,173135398724398,173140619024760,173147363412562,173147906856369,173160572941924,173161779306838,173162525539953,173163175389186,173167453748817,173170391132207,173183503072112,173188350111253,173188375615730,173198354567277,173220366416574,173224767239487
172407949692284,172814098159493
172959461733844
171402874478404,172907827049642,173164435530467
171324489170565,171644016077772,172057974059385,172386986775226,172629280482522,172870302226611,172877626026767,173034340902583
172386746735704,172727228964487
172287013504158,173210095920377
172542124932107,172653461888669,173080614676304,173217908402932
171154200372866
173211444753171
173077058055605
172987384434171
171675735490224,172732965673203,172735526779016,172761625287968,172803249860318
172944794340273,172975415913598
173011849287508,173151454099259,173162413737757
172733306011404,173080370302640,173080413182659
172959461733844,173136392176889,173210095920377
173205700666859,173210970736920,173211017627234
172225993179905,172407949692284,173080614676304,173088280268717,173088472173085,173133802979453,173157921639289,173160587325665
171854764525626,173092778124604
171816997263098,171869022136181,172163051500839
172426669435001
170970512938864,172256109024610,172352115933226,172609913359881,172799701833151,173165109982728,173165186623686
172964110477271
171555993312707,172248855603473,172456008883179
172971621635111,173039775757347,173066077440452,173195219976926
172342219524472,172809394266037,172886231472336,172979698373732,173153905757188,173160375785144
172031512202323,172202132669137,172970339739604
171324489170565,171644016077772,172057974059385,172386986775226,172629280482522,172870302226611,172877626026767,173034340902583
171936470149388,172515360367842,173118606571217
171402874478404,172907827049642,173164435530467
172972413679371
172386746735704,172727228964487
172097639200716
172926730864036,172926777301348
173032915709282
172542124932107,172653461888669,173217908402932
173161445608152
172287013504158
172205500720255
171154200372866
170665618355149,171573611133920,171666936970096,172278255847467,172454777324008,172477738516339,172590247049934,172623944335444,172720236215270,172729460659257,172731042589277,172740960774273,172769351211654,172799832131769,172824034836318,172827988985306,172881932919522,172919912797596,173059471550908,173064300018039,173081737861713,173092479728591,173098989802645,173147906856369,173163175389186
171988738034795,172188972699644,172814098159493
171838281310565,172393027058587,172412519431102,172518598797609,172538926920062,172580678932009,172745902115323,172754244986110,172917361455510,172938445215428,172946669622337,172946925015848,172959808642001,173015268751815,173025294912974,173053390909383,173069657712946,173093567809113,173134151783028,173140619024760,173161779306838,173188350111253,173188375615730,173198354567277,173220366416574
173211444753171
173077058055605
171772001230656,171858760993801,172372290425928,172395020362484,172456377718840,172584953932282,172599575601654,172658678374224,172756231242088,172759002374049,172781512728587,172861944864043,172890348498571,172964198936599,173008077355544,173030311793470,173064776634003,173076482236276,173088180191368,173098796017125,173116047170863,173147363412562,173160572941924,173162525539953,173170391132207
172987384434171
171704360889097,171925369246643,171926608248406,172196329868575,172684276736922,172708862584282,172797226936888,172836411878935,172841043897433,172936733462682,173011674286260,173013997932902,173039004831394,173068117269868,173076754342096,173082910808855,173100737095757,173118106670416,173123679474653,173126000972383,173129770295851,173135398724398,173167453748817,173183503072112,173224767239487
171055677898591,171930287203295,172532639736775,172560522655336,172942957504974,172993668034958,173004564189398,173011510392822,173051565467468,173058310213964,173106791318251,173188662336095,173189889664423,173195607613674,173196501738020,173203207095507
173021887692911
171154200372866
173211444753171
173077058055605
172987384434171
171154200372866
173211444753171
173077058055605
172987384434171
