------2025-01-21 17:29:43.549--------
173127637730963,173547438737674,173486445924215,173607325081233,173741735798468,173657977394193,173673801246311,173694120033308,173736180264919,173740522385098,173743647886749,173622498007985,173616995998632,173733388148589,173740948780293,173612744399217,173740224155465,173645417844039,173610593658607,173577500253330,173235115272134,173730386908257,173258352262719,173675887741491,173732326545542,173678015876806,173421710887698,173671763691688,173693665674877,173540652168919,173594160314394,173673442983976,173662936440478,173578284281973,173734753235234,173617090736248,173679309554630,173350811874641,173585983089259,173637160652815,173671534583731,173688659427699,173610451520293,173665765926271,173599723809925,173696080947270,173669780753418,173730080378456,173610592504478,173732081188944,173647883224042,173714178826872,173655252769365,173593396046323,173689850056047,173689896704513,173612247197703,173689322816097,173678599756471,173572446307506,173570889848212,173732326042973,173698984265398,173683640438899,173740459280799,173695641900593,173667795028548,173591190490862,173328303350106,173531325111640,173086863383144,173584415851791,173648942532156
Mismatch Out of above
------2025-01-21 17:29:49.337--------
173572915254439,173644372815866,173734540062288,173575108135531,173591241107147,173598319568690,173617346486713,173688861928485,173628241735436,173650237950374,173641595038604,173617186335380,173569038203483,173725464480375,173628049610983,173737052367305,173644393762379,173585786152804,173737527438263,173608567101731,173694560167722,173664728140311,173618386500403,173726762531661,173583508711420,173618206189230
Mismatch Out of above
------2025-01-21 17:29:55.264--------
173582485539686,173230686887766,173696582881691,173558849640194,173589656079416,173697574932257,173688454302979,173708666865829,173699599646579,173695616340403,173641174896964,173576295516178,173608253011870,173351197204228,173583742043985,173455440625863,173664286575498,173589453387581,173593002374733,173010684473899,173730225190165,173704896653049,173735377768221,173593793132341,173633789489536,173695294632272,173593651815952,172293379876064,173571663289476,173740623135927,173718704290888,173626763523269,172314058795616,173480564551266,173591902742728,173617601972581,173685453833253,173730141389832,173699077200841,172473670561591,172755330592165,173715891961483,173377759820554,173673575554183,173703322515786,173687311419209,173720954159961,172737613116580,173701955664762,173623719036540,173576556107839,173648826458175,173482872677291,173733316499524,173731275440709,173369307813107,173203580522552,173576569919547,173593161560705,173739924500359,173600267730988,173740558748072,173722489184666,173646528016304,173682303682164,173717249382280,173595537275327,173576230412762,173652021790697,173022314009991,173580063340874,173229267421363,173726768925055,173258543676952,173589637024100,171570799211904,173643055470048,173588571572520,173736668643420,173508219825883,173596543142419,173672535055351,173569839989255,173654142115748,171941020732035,173593662664993
Mismatch Out of above
------2025-01-21 17:30:10.999--------
173632184811426,173586825228947,173624225498097,173576250276103,173635492213579,173533585610415,173714252738348,173550353907511,173633455971026,173688543553096,173679114748158,173671237078066,173722472214691,173725846023894,173705763299582,173647857444690,173669890660809,173742226835022,173704208816126,173607408361636,173612777081141,173609915819629,173573672376569,173693948576615,173634946200882,173725355272094,173610388485221,173246981500332,173636512004737,173694683255880,173713500999153,173742527662690,173704268827774,173653075860220,173664007100759,173609686077371,173632094667225,173583734858019,173730128500226,173550595961334,173740713326279,173641945887111,173671570499812,173626421507095,173592522130187,173417344337629,173699478768331,173228104668692,173583290728323,173583107795338,173637294764680,173618172361364,173685997789905,173574223672396,173659618434740,173583163566650,173636512651077,173634848176926,173730690550626,173633483601134,173584161852779,173660532651870,173702659766834,173615780197075,173573802965047,173634870040020,173678991863385,173591111760293,173725149159583,173456204195706,173697699318530,173625217950312,173551219310661,173610529679306,173572998193104,173679103235957,173706908360024,173642680244226,173725096644040,173565938552565,173730847755012,173731606968270,173621938982690,173722171939836,173573981626357,173697386688336,173657843919693,173740740467909,173720593812458,173741588719933,173635583460711,173734845972005,173714694697709,173679271843268,173722302179584,173712855285015,173624511950662,173669462698006
Mismatch Out of above
------2025-01-21 17:30:17.445--------
173668392359079,173641750251214,173598903416305,173667795619845,173685043314949,173581704187788,173654543577848,173590144785321,173582407992707,173658823198462,173650063802390,173703950406326,173573202895362,173675875365606,173703934757568,173574543622496,173703657798275,173615784685219,173633316699774,173610892342478,173711471371426,173686912829328,173607686022626,173581572010043,173737249756899,173728366494206,173590482313235,173616070473177,173744438012389,173703645299057,173573393923764,173744883891687,173737259573809,173712371877443,173590090112063,173713313050593,173719746144103,173702530397835,173641552215700
Mismatch Out of above
------2025-01-21 17:30:26.461--------
173715297823262,173732936494478,173710576018411,173723487221341,173576540995747,173577469233085,173671754871603,173671772148583,173673133572033,173731360381994,172601155982644,173660854609842,173529224494353,173681109905936,173616824547687,173706051994947,173603207290144,173632545168507,173671402083117,173702041038334,173712368820772,173740499526280,173712263119816,173734231964937,172555581614836,173587892640254,173678849714697,173694204610958,173579824841565,173464070494655,173600617373598,173613025507965,173671056118658,173592379653370,173682198749400,172941346853018,173571960308018,173715961158000,173724750833627,173678843617905,173622259855283,173635580346816,173617277258077,173629955062993,173581786901016,173585059878407,172774958487313,173706101643025,173590376598080,173721921176894,173723851198755,173732049665462,173651733668539,173646721694851,173670468912948,173586913002113,173711559529639,173690794935878,173632653543257,173662235105665,173682771627404,173616216494334,173720653952790,173671774958550,173313776189246,173624313811749,173549746857499,173671710329956,173723198398124,173695641900593,173671383460426,173660342195906,173717302815856,173671965628073,173595455719433,173614047555611,173710706536247,173671939059271,173643193636272,173649117985030,173663835225509,173666648408342,173701989815353,173635833618437,173647175784646,173642886183820,173602576788858,173613303841852,173549648417287,172952636041609,173721640710916,173711585902814,173659091969456,173681430239176,173730277257894,173711223615742,173666693397859,173683923122918,173665156398216
Mismatch Out of above
------2025-01-21 17:30:32.313--------
173730819820013,173619288188158,173696004148791,173631246088374,173430230015002,173707556214180,173581707801516,173655647166744,173227908662038,172265098988101,173700634557763,173521131682285,173724887074717
Mismatch Out of above
------2025-01-21 17:30:38.466--------
173575698963561,173600363534828,173629666509319,173731335747965,173667831857560,173583918962473,173608650006236,173684898096427,173742552921882,173740823195710,173593849274835,173576693347706,173665572066306,172473721962208,173583964112769,173676119355064,173700157559393,173587200740749,173740970749956,173733824801923,173705809837034,173704904363593,173611062935235,173569847210769,173671172714618,173602236414931,173679382100637,173704140300023,173679329388324,173517578470308,173600982984415,173594142195846,173574657856293,173587331386503,173679115354904,173592457073145,173661044570177,173725008772334,173609642903839,173724099645830,173637003152430,173660521510653,173712751306692
Mismatch Out of above
------2025-01-21 17:30:45.986--------
173610136595127,173681887872953,173707964209553,173577193312967,173684223872867,173673307542404,173639607908715,173671552322203,173549932774814,173585224529487,173729393299032,173604387400904,173683123181566,173613106567651,173691090023285,173580997659723,173673792296008,173708845944935,173730131788951,173608682596640,173662416070750,173335270366830,173645139808677,173592856060408,173639617321271,173670967255834,173687874928498,173661773577489,173580964996519,173677429061475,173709295756654,173664247209983,173670941604482,173670497047504,173681981162337,173664777324492,173708876369780,173684907410890,173652418277952,173740372740087,173651740816704,173635296466430,173181402080019,173688516171584,173611517389570,173637143439485,173689780185996,173739452919258,173725021353049,173602328309623,173690025435575,173705803187775,173599915384278
Mismatch Out of above
------2025-01-21 17:30:56.827--------
173650397847371,173696716697163,173597825351112,173651544261341,173688337549545,173677737197078,173702637062619,173694214441458,173739912813497,173615781324737,173693738605283,173633826149426,173572352337615,173581482272266,173676370376286,173618267688721,173679428615224
Mismatch Out of above
------2025-01-21 17:31:02.491--------
173615324586371,173637617385082,173659014056780,173627304172973,173602086884135,173685760206779,173676961323939,173574037812835,173634649342492,173712816529914,173593713953855,173645864936770
Mismatch Out of above
------2025-01-21 17:31:08.032--------
173355561809158,173600511984411,173710359923052,173711797813510,171625590462667,173677059102515,173608088881556,173617238618483,173700612350651,173668733606089,173149461546106,173610110172318,173738241005598,173686636872561,173678610714720,173013099930643,173203778813182,173668744194683,173676315556522,173384767160472,173399857979914,173582644346117,173729120676339,173641604681950,173003098813318,173712457210998
Mismatch Out of above
------2025-01-21 17:31:13.446--------
173723893271634,173627409960507,173616399404898,173600098718905,173681578474674,173582833434167,173582235672335,172475119640899,173618787227358,173563568225108,173709720517444,173627746778451,173627579574419,173600069215823,173635353336053,173666912059532,173678584996634,173627464020096,173607453018141,173668512659317,173612973109622,173576222392656,173654033781597,173711066266567,173721389995661
Mismatch Out of above
------2025-01-21 17:31:19.213--------
173399200405927,173376326449961,172672882739729,172734691916121,173591846641959,173739173628785,173632716005321,173737740804513,173642595254803,173739064183596,173744421878638,172709347470158,173591972105431,173634015879000,173602521632142,173739185044458,173642521322583,173591966894880,173658010058385,173737982728111,173624876765115,173719465374706,173393783888630,173635426342097,173393790945238,173618747492170,173626280960563,173591948563999,173633235894383,173393775554539,173739050120255,173627302604238,173376281201939,173623468786730,173644876691433,173589732704413,172717557523216,173376308521657,173592047756025,173376702842903,173627199264457,173739932784515,173739094420358,173745173310388,173642834718909,172803899299075,172598024205600
Mismatch Out of above
------2025-01-21 17:31:24.855--------
173608670860018,173635572453462,173744361509517,173730862942922,173687009743140,173680513840852,173708203758137,173677436959150,173712929507618,173640745373907,173695249846461,173636013821716,173695251920460,173712869873505,173600977375040,173689264044211,173610013418336,173634873578519,173650118563707
Mismatch Out of above
------2025-01-21 17:31:33.106--------
173688645681310,173594049819354,173581146637175,173575917734887,173573880241555,173743722341929,173680270588429,173697953300763,173593995676533,173637103346396,173711608076795,173583745919762,173644300571963,173594089743543,173584122797233,173715641623875,173663336029982,173637135329344,173590548678810,173710953538088,173650306998562,173676300935420,173734833178505,173660741459595,173581918291461,173594025471750,173581645434461,173583736596919,173680364094825,173713222125568,173472307966462,173672472271324,173573730076423,173583425104825,173731966104277,173581769595030
Mismatch Out of above
------2025-01-21 17:31:38.897--------
173607955777910,173655058041394,173738008955042,173660744021966,173667809764595,173698773798402,173665438882645,173704713448372,173594529403692,173740496121261,173715646710915,173608558140010,173604470368765,173612040576372,173664033712677,173729362203053,173699680677700,173698813177030,173689635532490,173585090527674,173645552305472,173698657586721,173715781755801,173661667585019,173686094537370,173695572636150,173645886464471,173675634957308,173543789418477,173648256998910,173695503860479,173635960148657,173708251472794,173698605426867,173672364617723,173699079618746,173621829048364,173693767472445,173575675903853,173698874726050,173612039927162,173741300072171,173698895074819,173739224884498,173593731380825,173703731187362,173681656970693,173691743383807,173609755209182,173662233087560,173647607453981,173671521470520,173688597312823,173638680327263,173580731435347,173698637617194,173609275792047,173698981609924,173647609104307,173740619753033,173696375940658,173583574799798,173463234595892,173731981273442,173739381975440,173713958213672,173698406668051
Mismatch Out of above
------2025-01-21 17:31:45.030--------
173612714864621,173689440733425,173714542659418,173575222357208,173578333050052,173589616534103,173671859238534,173648732823130,173679966386958,173434177531526,173575176469646,173611087765833,173700226171098,173627855256848,173683504044011,171929992972993,173730140171604,173617998901862,173718807427548,173634707463201,173577333392841,173571195815182,173109152201301,173593690078401,171568170041785,173600460111846,173739634241662,173702708394423,173622437742423,173653949753626,173694436902334,173743129767201,173715096555467,173520245484280,173584324012132,173637337215393,173628582332106,173737031765754,173629253176677,173737693539602,173584676316007,173702100798211,173639916710488,173642559971610,173121938371784,173738767869091,173739357725648,173729594268803,173627948184370,173635511935670,173598425995409,173737949171967,173639640636925,173576973497253,173699242582601,173697699450497,173605052574027,173712206085088,173646667532582,173592335965488,173733682643800,173239976615802,173576783725415,173591640210548,172602250570809,173737402835491,173573452041984
Mismatch Out of above
------2025-01-21 17:31:50.601--------
173685988827306,173685995838971,173692854224940
Mismatch Out of above
------2025-01-21 17:31:58.359--------
173505600723157,173694487935092,173656319543810,173716081583404,173574307686043,173715284395175,173644388714200,173713805453997,173730044886106,173584840272994,173682216381744,173652081714347,173739968508562,173006740269269,173660738553822,173572750964291,173164163079597,173675253623968,173102405891297,173721316391153,173607020688664,173618135773972,173576125117525,173676501590238,173644434523533,173682306589993,173612065424630,173672756524886,173652825358356,173102511792525,173727591483458,173607666438506,173594247812167,173687688654393,173426076268864,173616621813398,173726768344148,173700634557759,173596117183204,173732344939578,173634149236378,173680304314211,173677153435585,173699081071845,173692794355651,173664510965842,173725787345239,173694450639966,173203864253990,173724634349956,173655985237646,173728445467563,173603002564064,173721270189220,173686613536778,173637578330375,173716337416535,173611298029945,173574237971192,173728274810201,173646031798974,173585646082623,173606727320331,173655014152100,173677916453382,173600854113765,173669114969838,173592697618710,173662363136254,173631428616854,173672382764008,173679594239144,173659962975833,173663044044616,173580673996197,173324834792423,173694348037470,173706215139114,173716334452692,173173961861176,172714960364797,173696309268550,173695176215868,173631201702756,173127556648588,173647987609642,173688744282643,173592622729368,173688861672271,173655892629154,173706232178347,173446459207781,173716129489636,173722190817168,173608407399772,173670989840629,173744778228990,173374312820583,173731972496906,173596155749154
Mismatch Out of above
------2025-01-21 17:32:08.882--------
173717430222105,173714788838251,173572478694092,173635853618886,173704345675541,173692794433754,173717431407522,173629581114312,173714998334211,173730080378456,173625497164414,173625333401584,173455398811088,173712403007606,173639275214752
Mismatch Out of above
------2025-01-21 17:32:14.638--------
173576262078502,173736992995402,173704993429465,173679624769957,173641888159263,173677209315589,173719605827129,173590888396251,173610201224815,173719268887471,173608957444730,173732303879782,173632788011653,173589437137196,173585177733574,173619133865206,173693048047195,173611472059189,173677704213995,173660159031893,173696449241960,173713203608720,173728047655048,173650735621992,173650521561431,173571000203988,173573896890004,173659083801486,173676387758546,173580950409960,173723579191598,173606762505990,173586212368978,173722667437170,173641715106466,173641457427032,173575094988235,173619985593413,173619819565849,173650798276739,173702883265533,173641554607410,173676029621598,173608809530574,173731056266472,173642130166704,173615030824312,173675282330611,173741210842751,173659374983583,173694308863073,173637196401843,173575747004001,173575720694928,173616776340544,173684041946536,173642325218532,173668138431214,173737644805503,173684973775702,173715740848562,173577250321269,173599287605386,173632056582901,173719719528925,173720029866474,173651178728434,173599056411285,173676020599394,173716885322462,173716671573878,173658313225945,173719792705210,173692845491432,173719173124777,173614995632421,173677018964560,173694992417529,173574035399662,173658521310543,173641544180745,173704924732248,173643692544297,173642196115579,173608060879203,173650760649964,173701767987692,173653731385911,173615112481904,173702031605464,173729159099610,173731011674328,173650822978788
Mismatch Out of above
------2025-01-21 17:32:21.436--------
173660739617901,173643835099325,173625909559492,173678685091411,173668076733226,173701686383444,173677510250622,173671423382801,173572241225370,173642523997358,173627935529598,173685508345992,173488818444461,172622987626207,173382333639483,173617291805533,173702581597386,173382214335291,173728163507820,173381609397546,173636377316394,173632656597526,173699489275245,172622007386407,173591471178677,173382129382267,173626550237748,173736645525381,173695459147044,173740529893410,173590735930072,172659193644325,173574958699563,173497162109446,173461823248107,173592966368728,172647214365728,173610481320007,173714661171353,173678113965852,173713095404171,173608531822722,173641689129545,172650586677032,173625447504720,173632643163596,173678308173638,173694741246088
Mismatch Out of above
------2025-01-21 17:32:29.090--------
173700780423012,173743452939271
Mismatch Out of above
------2025-01-21 17:32:41.873--------
173743772515162,173727439262162,173651924401563,172859963071426,173686124555585,173744707680408,173616348064733,173743866488278,173723712583291,172793271046697,172777165970191,173704042436308,173607821352882,173648864974239,173736527362861,172555689159404,173659982959156,173697929469371,173631924662570,173622891728223,173706996821765,173593054429541,173694226723471,173675616785932,173286920929705,173575775220300,173703873930365,173688279783962,173744182528804,173589656099675,173615741734322,173682165145895,172187344636317,173676650363142,173731710140588,172976022152192,173633484471094,173611908876498,173358071728371,173081245061418,173706682905229,173573311497287
Mismatch Out of above
------2025-01-21 17:32:53.037--------
173589716317293,173589166074711,173716698142139,173735750610439,173719017154951,173672760100833
Mismatch Out of above
------2025-01-21 17:33:14.151--------
173589961924991,173038403698598,173375176134857,173573203613456,173741602461936,173694540414009,173646566036417,173631816921905,173740788775092,173647293901820,173241447621743,173699580898153,173036593492691,173710315171744,173654797505674,172947138110662,173620518859200,173680886034826,173596486008065,173047257039995,173629894053810,173620543652824,173664092403075,173719055633549,173629159941629,172666038148896,173608048827740,173676152660987,173470002483363,173573934679226,173687563104033,173608931915665,173616283668215,173514936196259,173651921586627,173247826214802,173664502844422
Mismatch Out of above
------2025-01-21 17:33:19.698--------
173604769558593,173595365608075,173628034100395
Mismatch Out of above
------2025-01-21 17:33:33.414--------
173258243442199,173607744674511,173591160662286,173701821831965,173558185777702,173734255369307,173332499673120,173701920854483,173724996795537,173701816421825,173584330739091,173736708774265,173607248754540,173505519145855,173286904705901,173710634744932,173742101810642,173150018237254,173652912154665,173642155735803,171843240737037,173618316819158,173644376023190,173409370901098,173612196381491,173571045441576,173645652327605,173703765907215,173473416795243,173369309810139,173526640049480,173721920547955,173739037297426,173470081954400,173480546361567,173322965528421,173177790546076,173648229028014,173377599564655,173432869547495,173601749679348,173681879128841,173525756118771,173550952098130,173686202939331,172028154540171,173495643959480,173245027143556,173594107638370,173676990713574,173609726593271,173293186536511,173513496259189,173457479319997,173544892755769,173686793676503,172516050320768,173600571218896,173575400385278,173695808915579,173737931782636,173573311938503,173282167285762,173428432751660
Mismatch Out of above
------2025-01-21 17:33:43.335--------
173598754803681,173590713835598,173591737925923,173597837512971,173600831030092,173564270082881,173599379119641,173580914038439,173737956509667,173607625307483,173671167964151,173541998820696,173609487585240
Mismatch Out of above
------2025-01-21 17:33:51.556--------
173421934674051,173679473895953,173357994877313,173677382488951,173530873191211,173691251269886,173675340272825,173666832619205,173590030540710,173732209630715,173728815962547,173576981200730,173695817671838,173689165904702,173638950398659,173686873037684,173682191362126,173703668140382,173676579373596,173737766000842,172442428520799,173682175123526,173667963293682,173569705525859,173737722607241,173602244473270
Mismatch Out of above
------2025-01-21 17:34:00.871--------
173635112531630,173739588632638,173598349080848,173637512504546
Mismatch Out of above
------2025-01-21 17:34:08.398--------
173598714876211,173711533278506,173573307157759,173601486532556,173667689794993,173616501369087,173590596191757,173741426393877,173572234963279,173590614760443,173594079023531,173632997503774,173732063824713
Mismatch Out of above
------2025-01-21 17:34:18.587--------
173581410600137,173589215114202,173643922227657
Mismatch Out of above
------2025-01-21 17:34:34.475--------
173626062729781,173729366261778,173684908158091,173592179073819
Mismatch Out of above
------2025-01-21 17:34:42.726--------
173675819078770
Mismatch Out of above
------2025-01-21 17:34:48.433--------
173644848016446,173733462882779,173585572005528,173723884780641,173589736869413,173680702723263,173698505163338,173654840578766,173743343707615,173659201687895,173628627177565,173727003428672,173738529275329,173694965901547
Mismatch Out of above
------2025-01-21 17:34:59.290--------
173590472466212,173744438012389,173686267287030,173622439067794,173706644457525,173687239335678,173703128422459,173581238226785,173727439262162,173689731858804,173693510836790,173743865214791,173698037462815,173570097536903,173739994923486,173738560834642,173525016368928,173704869809505,173736725739180,173650306998562,173652112151392,173618199031270,173395241775866
Mismatch Out of above
------2025-01-21 17:35:07.016--------
173671144337839,173650613134306,173737597017527,173728160103243,173693109730900,173729906536119,173616930764138,173728179265548,173730035602280,173607658848900,173660632613235,173730083375629,173711293911499,173630039174904,173676404680682,173686921114341
Mismatch Out of above
------2025-01-21 17:35:12.590--------
173729188905978,173541886275608,173617296814561,173609118407856,173577680243039,173576559230800,173583934142808,173714552290694,173599043223306,173199477481964,173600278664217,173611141705087,173576637988598,172986934813517,173629150394121,173654703560808,173618478846854,173627110302143,173681644970921,173199489167334
Mismatch Out of above
------2025-01-21 17:35:19.883--------
173608998503922,173694939699712,173686755295692,173684701726289,173695012767835,173676427892731,173600220495806,173626691713702,173574803927281,173663745030738,172639845252613,173632543245530,173686711388017,172752798054141
Mismatch Out of above
------2025-01-21 17:35:31.386--------
173582887936096,173559420922473,173575640579470
Mismatch Out of above
------2025-01-21 17:35:52.403--------
173703434630671,173718946085676,173703436091192
Mismatch Out of above
------2025-01-21 17:35:59.786--------
173667148523438,173667154024900,173410416982415,173735631707138,173727075704252,173739037297426,173547231734855,173640807810474,173570340168919,173613714631365,173187067564103,173729961933347
Mismatch Out of above
------2025-01-21 17:36:06.253--------
173637214379722,173332895025501,173589782733371,173573963001607,173634783967200,173649871002764,173585105621367
Mismatch Out of above
------2025-01-21 17:36:15.551--------
173669387339161,173603804753618,173723183265881
Mismatch Out of above
------2025-01-21 17:36:45.417--------
173715776563826,173699365946629,173682960504834,173687369821746,173587192076686,173639529923699,173708014835032,173745417195772,173671038345968,173680798707063,173619206524711,173725154764153
Mismatch Out of above
------2025-01-21 17:36:50.807--------
173591726923859,173589267211660,173598223688036,173598338574087,173676628163073,173658521104859,173720127937169,173572960869413,173598239246926,173598221179500,173599961901611,173598224059582,173720206846940
Mismatch Out of above
------2025-01-21 17:36:56.206--------
173742321364197,173733399881382,173645710076521,173713430655756
Mismatch Out of above
------2025-01-21 17:37:01.684--------
173511354987609,173655069123230,173612663485551,173740840943407,173740799198434
Mismatch Out of above
------2025-01-21 17:37:07.027--------
173663140989143,173699941210697,173731608310944,173617141498142
Mismatch Out of above
------2025-01-21 17:37:15.796--------
173669832026334,173744758105905
Mismatch Out of above
------2025-01-21 17:37:22.965--------
173674714231603,173684028813113,173710371936789
Mismatch Out of above
------2025-01-21 17:37:31.026--------
173739759775903,173579247251804,173591258216479,172487356149970
Mismatch Out of above
------2025-01-21 17:37:36.444--------
173674850633090,173384276083586,173580478605087,173675550341778
Mismatch Out of above
------2025-01-21 17:37:43.608--------
173572557570070,173635261974950,173499834917488,173696629991798,173744976812631,173686580917115,173616488837765,173735502820217,173601019053084,173601004008556,173744055566013,173589233354416,173639897790077,173563586001705
Mismatch Out of above
------2025-01-21 17:37:52.218--------
173659769322374
Mismatch Out of above
------2025-01-21 17:38:12.672--------
173674726576525
Mismatch Out of above
------2025-01-21 17:38:29.919--------
173634573125358,173270649261631,173737279782671,173261729699537
Mismatch Out of above
------2025-01-21 17:38:40.668--------
173703429991054
Mismatch Out of above
------2025-01-21 17:38:51.755--------
173638356145329,173626510055683,173576255919023,173490574857088
Mismatch Out of above
------2025-01-21 17:39:00.616--------
173633241549896
Mismatch Out of above
------2025-01-21 17:39:07.774--------
173703565285698,173703537693026
Mismatch Out of above
------2025-01-21 17:39:12.974--------
173703086080655
Mismatch Out of above
------2025-01-21 17:39:20.476--------
173591280057208
Mismatch Out of above
------2025-01-21 17:39:27.535--------
173687938425620
Mismatch Out of above
------2025-01-21 17:39:34.406--------
173641119291424,173600836465784
Mismatch Out of above
------2025-01-21 17:39:52.943--------
173683945340347
Mismatch Out of above
------2025-01-21 17:40:00.594--------
173349901173234
Mismatch Out of above
------2025-01-21 17:40:15.199--------
173315727109769
Mismatch Out of above
------2025-01-21 17:40:26.109--------
173686670907878,173686375900195
Mismatch Out of above
------2025-01-21 17:40:42.857--------
173581297587103
Mismatch Out of above
------2025-01-21 17:40:52.242--------
173681810348221
Mismatch Out of above
------2025-01-21 17:41:02.060--------
173635135741809,173671365160694,173736450826610,173589444204153,173607175154091,173653087767322,173635898944239,173713649458012,173731388064273,173608884966943,173613293570965,173732906113841,173671874057624,173678223127279,173627863928777,173652079478495,173669426059757,173697976193408,173713094524155,173728898061454,173591290752710,173624035713639,173694003782160,173738914611453,173574201870204,173645948418105,173012572845788,173611518746996,173633565256664,173615984000123,173619904673650,173608376328797,173685130589497,173693970171521,173729893928700,173390049692812,173668032523766,173729157705605,173424527556348,173610887173530,173736560829156,173738940376868,173741063049466,173628954122288,173634812871901,173665729874447,173675394514454,173635271411918,173696617407190,173609158232640,173628552650550,173635008770053,173667695265673,173641234694498,173651764910781,173632103406837,172986452756259,173655269354322,173679820610404,173736855202172,173593830283544,173679846428439,173695111318418,173611880644015,173728860175457,173739581187345,173701771920769,173574689958959,173610945357292,173314951910133,173592961723340,173645144983378,173643839765382,173666215736018,173677829595505,173688575961692,173662305104751,173583615606690,173653896921688,173736987437495,173697483395669,173710681855043,173590314806484,173738166836606,173272561155257,173623857589104,173662905859888,173382555043845,173594610162683,173661271935691,173666281284646,173744830195927,173645814598247,173677996608991,173589314076162,173660845658589,173576516799399,173590728495598,173592472252435,173722421267546
Mismatch Out of above
------2025-01-21 17:41:08.171--------
173627329000100,173659529254167,173672002851716,173669501986005,173671093834186,173729154825361,173599962192102,173732900287191,173706257924144,173602163263823,173677573778889,173628196807936,173416065817443,173584380648169,173637631535512,173745552735540,173694929123731,173672025022858,173659355909150,173689028178916,173686591729661,173692738046968,173667862488537,173583413864577,173597867350476,173582910993158,173650110522569,173659641912167,173619772064583,173678359923692,173624009163462,173583988039650,173659350475670,173273610293342,173589306629221,173604356481396,173703680922863,173731223626387,173737401775121,173738758647884,173550768552937,173721833447978,173420641267077,173649954981598,173702520487675,173712424097302,173745037353381,173556855551406,173615889681203,173705501254840,173737687656051,173713713598455,173731631083860,173108061634846,173626673722427,173678775609145,173693157095757,173720825644798,173730006478510,173742447177963,173613688125161,173677245026807,173592547046374,173619772065942,173653149517774,173678905199926,173704702778437,173675455377921,173702952756459,173704985221109,173719189127189,172771398391084,173692792138470,173574343671941,173574683636388,173744946431495,173737288505451,173687218076514,173694936153260,173684576303865,173729970407773,173745514529813,173608503021191,173627379863713,173724033687456,173674437113460,173703654649139,173715726670200,172969220491212,173627016340717,173680560354415,173660428865447,173445204438768,173572339729669,173591494919711,173730478320228,173737097180236,173745490163350,173582327271564,173685719097083
Mismatch Out of above
------2025-01-21 17:41:14.839--------
173689391364290,173695976018630,173738329245835,173609524351057,173707531188858,173620051809096,173634829410815,173591599757642,173633580356394,173726653589417,173739498511871,173710028005603,173584319552008,173641494630580,173694018096684,173728496417731,173584444847397,173631993164958,173707972975148,173659625716986,173654641067851,173721025295843,173614660662345,173646779525463,173678347327921,173703261936031,173618539307745,173677267101759,173584458729461,173701552092931,173711458070092,173617523298320,173668283570891,173695163381236,173671195489465,173694693004516,173696339323239,173710870699449,173695448120830,173624209985588,173652558235434,173704381556711,173703154090537,173713833715271,173642808248237,173591401065988,173712096457635,173589410964343,173694562119348,173731307519405,173668082020438,173677573412109,173678669333113,173589200476385,173624044577822,173618666594960,173627317671175,173697549238650,173660623460512,173721828608943,173597676469173,173662104984266,173616397338711,173668663826143,173547967214465,173586410061224,173608092113247,173651287360018,173695936167758,173714917640873,173739452576902,173584986282812,173599790233389,173694787597051,173692355859323,173728120575731,173739995094288,173692390535549,173696264267603,173583650217959,172891739949411,173633545263181,173704287011572,173584049911024,173624914829233,173679161088810,173614300562813,173667353882679,173667474513569,173676201368110,173636310008241,173745080397858,173624333578615,173641083962981,173642929557150,173652063236157,173678237946411,173680614315906,173692761853171,173694244755644
Mismatch Out of above
------2025-01-21 17:41:21.098--------
173719989420821,173723205490672,173381555034134,173614860859410,173632815203601,173678304490637,173701537685179,173740294521701,173616166635823,173675065308343,173600704478820,173669675596079,173697968954336,173626564880808,173585383596246,173627467871430,173632711900025,173677620678632,173582946409509,173607594801649,173592685009538,173609730293988,173702808155632,173585855597839,173585885625708,173610007425297,173649468149988,173668785897787,173573801197512,173583661614478,173730900186325,173631771956639,173744407219324,173696022355648,173622524327629,173739776053437,173643198948249,173745248316047,173706871752770,173737043726885,173741024685329,173667435254965,173583284976139,173651655128431,173623936318692,173635093400615,173643383662015,173626496663455,173652157423787,173644176729854,173679449652579,173687917766620,173635932599556,173745050820794,173643065895620,173660196916401,173718314698661,173573898712216,173620445674166,173650087970513,173728123904838,173495119467552,173574649782466,173626806946997,173582980717083,173703808561553,173581056513280,173660076486098,173724596661003,173591790804454,173573671840641,173729244573761,173732384659974,173642334904320,173659362423142,173688217521288,173704580586363,173705117921050,173599389539042,173695397094076,173688623215740,173616342605274,173651841972212,173731500657014,173589965208785,173693191725499,173633048874559,173694378894625,173744775291487,173600157853620,173736189808386,173687737896907,173629091526524,173701619754269,173650584400240,173581290722922,173739516940001,173649348393151,173632864137873,173737277505911
Mismatch Out of above
------2025-01-21 17:41:27.037--------
173626581222850,173168224355916,172671039219889,173612004137317,173651167476303,173572908805290,173616850412541,173657899017406,173703011017119,173724813797123,173578613992996,173650456880612,173651638983863,173668198428451,173642718866225,173644852115379,173645283252432,173738510941152,173609646724386,173618485772937,173633791081776,173731930610368,173694556426322,173584291593328,173712267206229,173618347761069,173683297626780,173633218990374,173676864877811,173688302482547,173730139027558,173740065517682,173609632262993,173633462882436,173634001202644,173650736517925,173672528904968,173676688643119,173739940090234,173688304198455,173643827871180,173383691142423,173610915566096,173628243600379,173650460986356,173744148181193,173610124498764,173636513653965,173652367298383,173653314174122,173669092457517,173618353774729,173650110145789,173676401616785,173687069928299,173649263195288,173580758216441,173637811218466,173598717398953,173685773240009,173694373523755,173718026545698,173679758086390,173599163063537,173694876908808,173588947123457,173696141639266,173616580948834,173687164492644,173610300253026,173722963575202,173695123728674,173745430000402,173595214671971,173610879061012,173589319507868,173702534243068,173729550507540,173697425735044,173729955188690,173572389537939,173653344942607,173680791028290,173709996302964,173619955814914,173636859490708,173661067754687,173678809981133,173637110476302,173731134274097,173583394081033,173710889893009,173594802868843,173659066755474,173583972324426,173737839851524,173608177628620,173687659672442,173720493498066,173616507788256
Mismatch Out of above
------2025-01-21 17:41:33.079--------
173685383564599,173582124232500,173593098934494,173670218176789,173645926858299,173668271278874,173627102602604,173573777860504,173572602819844,173725450812626,173737071881466,173743495356530,173678166771208,173702688668623,173653546790536,173637522696859,173693882139940,173720246651845,173644500866277,173608135937893,173699708577156,173688261241162,173582805924843,173653747487556,173720453148146,173564854615864,173740327768322,173727428345585,173585886631781,173722392371312,173643406167780,173713679327083,173609038024951,173655844754478,173676659068827,173696876781918,173729957165710,173744760444352,173464175884690,173729527695896,173676320398460,173697576535155,173730008926204,173633987098459,173663998130360,173705760033088,173744848627645,173745057736897,173617348631017,173642681499772,173628323607099,173508285066716,173586055467123,173607889058733,173711460917601,173724417430173,173658656582386,173687267497414,173624061057424,173669960634297,173610733784747,173652750876108,173732959446803,173627073368248,173633652242459,173745030464021,173702744000999,173602307858616,173663282312763,173686944798904,173745451507987,173690802298863,173740965627847,173623736935826,173683598459601,173693459445737,173591937626382,173622473587050,173272645775753,173608383602867,173627824852351,173616569483491,173634413087337,173729059784188,173740813090514,173710967392074,173652935908003,173670596639111,173736723928254,173740678814784,173705985007772,173047023346408,173590213444897,173653977000937,173618595920704,173738362476530,173616049648487,173694964936511,173705686278977,173584207391815
Mismatch Out of above
------2025-01-21 17:41:38.899--------
173626923041642,173676084924323,173742817347052,173592546846733,173688933168518,173612069635590,173625025531448,173643905462499,173701760494984,173721111585727,173590506252013,173671129313039,173599575090980,173626091445413,173696726802352,173475262167176,173736757051488,173645737331605,173658873558075,173660188463574,173649060594800,173650757030972,173677327650231,173347299957938,173582757283238,173619282439009,173695225084071,173711274244582,173623820643257,173652048535087,173643062281870,173661955104251,173700745619837,173575999220557,173737014512139,173745404239287,173648596749639,173650287690688,173712738409096,173580593119504,173581839412197,173654055734661,173658661207905,173617801094896,173572936960928,173677354331020,173698932220116,173029327618319,173620399391987,173635120498461,173702277726535,173613266016497,173630857736309,173737553953447,173669794011653,173688047927374,173584731821349,173653140059250,173609224588150,173721546355685,173680013844987,173619755826155,173636863802650,173695455219516,173636576537732,173569570858622,173578099214967,173651814149906,173677390653005,173720208931019,173582146603245,173582676354679,173601031027012,173592907298999,173624037363526,173706263321650,173598445882115,173688035785738,173681129566803,173745079614131,173687196124062,173617655781257,173678552757155,173696691520285,173740323547764,173494948443974,173566622129585,173677399071518,173594234502040,173601852931195,173636694209211,173038786992560,173672413740345,173728952413218,173572834152992,173658687206113,173671015294174,173684450491985,173693360571040,173601351745182
Mismatch Out of above
------2025-01-21 17:41:44.706--------
173609899530784,173624538767829,173696159641871,173576105485445,173580664614798,173646178240354,173703236077954,173607909134679,173669407819059,173669897326524,173667958096401,173735769866127,173671963159533,173584905849702,173643814739918,173668588652219,173039189382212,173740545298642,173704779788103,173624075247028,173731935587666,173582763531284,173627427449625,173668134650255,173732796077258,173610842592299,173652653537662,173731375811210,172892461263089,173693955317208,173698788910162,173740942264802,173564721863989,173576503367958,173623820482713,173697782133689,173742184941951,173694357946892,173720679590531,173727844149620,173721432804160,173619099349023,173609229906285,173643744409442,173705910334276,173627646778339,173678641379632,173697040559707,173591413841377,173633549315363,173661363094021,173673511034002,173739083920550,173705399230563,173644562450322,173712406224723,173637797662412,173737460456583,173643310598880,173628100092372,173695294332249,173606682500340,173593215764804,173627369626218,173713977582608,173618730827387,173722981719907,173584797876147,173583491849816,173592822700001,173628869932241,173582773614366,173745086363184,173737192399799,173684837616938,173304015457252,173615592194970,173650334353386,173705700880519,173739066877653,173569706627904,173627289674689,173636714663435,173626923367851,173617055688486,173642553594371,173686493864034,173635102444631,173641608248169,173633555380279,173707224038170,173720766702299,173581294549225,173592257885761,173655338350169,173661236408955,173728379293710,173611820880712,173658666163899,173692786005273
Mismatch Out of above
------2025-01-21 17:41:51.396--------
173623848517157,173674989780224,173582306293852,173677279568236,173711085487620,173598185854663,173696689433413,173581296018642,173582575362350,173584474156509,173662243653683,173689639257608,173642999433687,173738396184257,173602351035095,173624562481108,173710013171735,173622255097630,173656601774358,173701725088713,173707425416008,172897930023989,173740394749601,173679771723510,173626485236099,173291044138460,173569262515184,173722268872410,173623823698175,173673513444501,173680754771347,173696526492254,173599344678823,173633976878281,173646112478361,173663522451271,173622781668202,173650544919078,173667942028145,173731958781238,173651969104291,173667139864346,173632880546662,173643857837821,173727887355235,173651783185274,173590406561064,173714201416577,173643232484965,173694738002154,173616168980612,173575795870204,173621153789239,173696587369124,173623244700136,173682680008527,173641958056666,173593160595542,173594400967668,173698150691887,173741119493178,173575278684651,173670735512171,173737622620344,173702963813627,173606638515816,173612310215048,173668497837770,173028045345329,173671604880713,173686358220487,173687988946503,173729423227341,173668666780348,173688841568494,173618226897012,173630369885344,173650364562481,173729922444791,173698700530408,173616991506606,173687287318534,173732126060954,173710008983257,173729876940148,173689056429068,173590569491988,173649501995520,173721607452006,173645273625729,173618369525067,173623772818514,173720431850298,173616191403075,173698097818774,173700750517325,173590108918807,173729650501087,173692016192982,173718042736830
Mismatch Out of above
------2025-01-21 17:41:57.103--------
173720887319976,173728744516826,173623726030725,173687421951151,173678998266592,173687565085379,173616209394289,173694051414226,173723928963852,173623783376279,173645722106805,173696942737581,173678068344124,173654654044582,173608909512303,173702241045697,173712367258716,173584306397819,173682329814715,173726341044775,173575994814612,173607262818468,173619229015255,173643398589606,173690238050198,173592216273703,173639264943486,173142527122378,173617646669736,173622238975678,173693900692447,173704660874160,173623914203936,173625941952451,173594714846207,173599761084291,173659186150183,173670436029795,173459516125139,173676469922829,173679966556063,173592508110836,173634368312414,173742522372276,173641521766790,173740561510918,173611178575745,173641535947714,173713562542497,173591333687560,173737618507316,173739904146367,173591604370310,173689492831734,173730482618162,173653333010007,173655431986678,173724494430564,173569669438597,173671664145762,173652504792213,173707385134787,173728817989239,173641728281787,173606964185535,173702592900381,173582015574739,173348771199825,173619001205310,173719632497906,173625726686325,173685332401181,173732166392856,173646606188064,173740752583622,173662502506506,173679590792590,173720967055348,173594036774219,173696682239370,173575595584731,173645539888810,173660032337103,173721207784397,173582565352468,173617564619616,173678040518587,173650447849135,173745030375470,173618436021780,173737230330509,173706687608862,173703457721882,173582608601785,173663160886729,173669977170523,173721903084517,173624298013862,173608186707643,173631939630891
Mismatch Out of above
------2025-01-21 17:42:02.936--------
173598532466222,173584318733416,173710486685612,173689709073126,173599487539668,173715692932534,173739954052528,173732769401577,173623987286514,173668871193692,173712566375466,173663645852694,173721761535496,173605011736252,173600846826728,173705899710972,173643287482051,173620761762697,173632573492379,173659169360839,173685877225287,173721356799192,173572132302076,173701254425847,173615749007869,173582329478003,173585927320623,173728173416627,173384546191751,173590516639418,173660756628609,173679151262765,173697398065174,173745410983031,173686348277069,173585064174640,173718788403733,173736374951395,173728633761104,173734875231004,173739910393882,173687907639073,173739808528798,173652856051324,173688179245223,173740293222994,173662023123626,173687471550780,173741257926720,173745037195647,173740708536033,173576161890783,173625519927762,173718665449954,173737604202840,173628630357162,173668290309848,173737601972908,173673485819718,173661800899733,173698993160864,173591392898108,173619082111987,173721084010656,173729023416572,173705755948099,173652572243210,173667069862573,173589494155493,173688546471897,173740694449343,173620342608293,173627475747850,173586787032791,173615066605856,173702777230334,173709987020640,173662005751992,173670586198333,173718593556049,173677814002360,173680588344023,173623970300889,173684077542261,173695167735449,173715679275539,173624554588387,173694424176093,173729070381330,173713208505645,173582934124271,173596979740783,173623984853440,173591531744635,173610362736837,173591533746941,173722815241910,173727814248897,173645522247008,173718504682558
Mismatch Out of above
------2025-01-21 17:42:08.794--------
173687858527090,173643126509964,173732614424150,173685041403776,173712317038447,173740002254520,173626429277724,173636597806254,173588937915437,173610631479489,173645416911460,173684879258252,173621113373607,173710145692906,173660838723496,173737179469040,173713142347034,173610132959168,173697188050371,173618397965744,173659055217952,173212774475759,173680153167994,173743542383421,173592053009163,173730312451747,173660328335832,173606220318447,173728682218378,173735495076944,173574368833951,173634292608950,173675826192481,173684648509815,173602917903385,173671827224323,173684285942862,173617678013520,173633613438973,173635305470906,173633070314000,173720098264512,173628879412668,173668084171126,173385469567283,173732702448586,173080288506170,173604104233751,173711456543682,173727769492213,172935066948776,173584648528523,173670012578572,173628935379593,173634796054444,173672050036030,173677374788394,173679127416301,173705507682620,173623834846378,173636453882920,173651182987919,173731711403730,173740454225125,173582902723923,173583515227374,173619521863289,173670637062010,173704924724400,173582726902395,173618879340597,173675180359839,173703099188430,173636132146675,173685304392332,173618896033707,173634303950016,173738903201631,173581041857974,173651544794817,173644193718633,173730166997888,173624174506334,173634032780330,173731199711401,173196011814513,173624569687179,173692820288284,173702978677949,173733220325395,173404572164123,173634991163959,173670922904877,173608354710432,173640927007193,173669880001532,173684659475726,173003268856597,173194188268376,173745392579777
Mismatch Out of above
------2025-01-21 17:42:14.625--------
173118500342966,173609592918681,173581477973915,173637499378992,173646117457399,173582728328102,173687455931155,173673158394242,173651876641966,173679563729020,173576580713284,173668433390445,173704042789292,173612145925895,173637165961935,173625830128454,173633156280035,173710002161105,173710018043210,173577135206767,173692814725448,173745048898023,173625844709852,173745049148342,173696733299976,173719826033139,173195071582986,173573093395371,173593825725497,173617305235727,173624310409504,173589198903772,173731446964959,173636636788023,173739231251864,173720168455854,173658054294307,173684378302649,173706405706967,173743883777378,173680782937874,173730048441205,173672173679102,173583694441626,173740437696932,173745066091805,173581478359755,173730724930972,173272622754870,173638654345111,173716299306950,173460336045357,173722377971606,173732066011516,173599296803890,173641092083450,173696180207587,173730744759309,173581980432257,173653937911440,173739053118648,173739145946364,173593104676464,173692769406055,173634594825840,173671585359590,173686896609844,173695501132982,173651934996153,173667388814157,173722548306942,173656206519640,173729424599174,173583157703315,173590572187057,173581996418873,173716356081627,173617817031127,173701839139506,173744871290298,173646157045679,173673732176907,173684514386188,173718771855687,173580726603723,173636841282658,173721415956531,173722408522489,173598124380768,173738812938683,173594799517227,173627232852004,173575995574362,173586901338185,173610584214892,173624185439504,173631068709190,173631474605918,173686349700760,173693827739166
Mismatch Out of above
------2025-01-21 17:42:20.407--------
173610651641846,173676981615092,173681343383657,173599964468340,173696904884961,173714857849108,173686355146448,173730326157674,173582879157503,173741089357303,173591496348970,173646437160048,173728526483269,173713751680952,173636281062164,173675390683438,173713129896064,173740033736345,173582157624519,173569305978347,173660721615041,173658008153349,172888719212942,173583710852843,173585390836316,173624097428286,173700671739285,173703155478744,173582853637692,173592262963937,173694943084138,173741495443296,173627124268757,173670641280646,173589348067546,173671976238260,173720943694277,173674488721273,173594863263471,173616782550541,173651602786556,173686645355802,173727547262333,173612941797599,173624801036189,173730261109157,173665260132757,173573513942568,173724015227184,173588722968731,173601109075207,173636642425730,173670912364462,173643253324952,173738320476834,173704230995704,173718013565081,173684874088845,173306028017346,173714832061832,173618874884041,173680360138320,173714406444293,173579605477338,173704946794560,173745066332230,173634378662986,173640836307980,173600987970632,173724005948106,173704721995843,173643223601738,173615613997128,173644387147082,173659159908574,173692802937379,173616304918510,173672686115642,173680725173217,173633991894189,173643327457197,173627470597943,173633575047251,173732674580076,173603769834657,173667982720785,173578417283205,173606926322938,173692097916018,173697214410711,173629473008616,173642137035345,172711176559981,173628292656549,173738319919932,173576299406950,173612010392285,173678439701628,173744872349703,173592383501254
Mismatch Out of above
------2025-01-21 17:42:26.937--------
173710925836895,173723053449440,173728940713021,173731819294483,173589395520400,173592622208808,173599380966681,173627769796428,173634242233577,173593218876019,173590138863719,173705228204960,173608238809082,173741614543708,173652568492718,173715030675969,173740532665965,173628472274619,173630256833419,173601167659782,173675925093942,173599621138263,173599651766283,173744777095881,173273125387829,173677379550952,173619107088151,173627318502982,173617513280396,173636116053179,173429102059352,173657718377685,173711874617891,173575926085697,172776582755739,173729588861429,173688782376896,173619889686740,173595692360490,173644939064378,173713763353201,173627622661519,173658651835417,173661128835233,173729595849040,173719845955239,173577832813224,173624149122114,173640380099064,173701393111837,173716544807215,173574614751161,173721913534449,173680999455448,173393189411397,173705188743259,173684592049365,173686633581038,173651812878228,173731306086656,173559367782908,173339616245237,173588792590983,173598201488805,173676755428635,173677755606469,173678880433458,173740761626775,173697432998842,173733219212662,173593104519630,173307981091749,173592903513255,173643229788107,173650087315670,173712482125646,173641688310329,173674245625792,173706652449088,173321347492811,173647885737335,173582573895179,173627984850927,173731396814292,173732172533444,173745043227489,172717666470935,173610001819849,173723657253578,173644123697637,173689104490826,173693595431180,173727847853889,173428196878315,173679596425908,173682359662763,173653963476348,173723359209518,173642117641469,173680581263904
Mismatch Out of above
------2025-01-21 17:42:32.647--------
173712363583047,173731779284003,173745126679980,173574806803875,173677756813600,173660400827929,173596125456299,173679603793962,173601691488131,173627033075320,173681862906998,173696823841178,173745073451936,173694096180433,173712509277932,173688562655547,173677904971937,173602191273346,173659009822171,173739302166000,173660252498205,173597236110565,173624269369495,173639035821480,173652145711601,173740713177229,173703913174159,173617622857542,173645440695856,173677602917684,173695958099735,173619866274381,172853249348656,173600205903728,173700748005359,173740149505140,173616416235100,173696909064436,173600439472073,173605926329334,173731809250810,173690580769518,173714568481420,173653960988401,173701833746715,173572446307506,173614344198404,173688739566838,173736739920863,173070924463724,173703678294606,173688163429227,173583796905046,173626880355481,173690036342677,173614496058298,173744554805824,173684898304765,173728632750093,173637914633766,173732425707855,173595480807399,173745056005381,173732663485836,173652053125113,172866962445913,173668208821193,173607039929168,173656350979118,173671186539390,173680515084891,173677677076274,173687305366888,173670072116801,173686078804207,173696487464874,173710880346846,173575884986508,173696857617926,173745462346883,173591419617466,173651666787164,173576082230281,173722585388194,173582894558245,173624007916048,173679029339562,173593580840030,173623802629987,173661500458935,173731394783375,173671378454785,173683435509225,173547038871881,173632676856405,173739928170064,173590494780176,173641538535912,173627553358893,173628587987279
Mismatch Out of above
------2025-01-21 17:42:38.441--------
173592232632026,173689239549067,173731091732015,173624722553533,173642233167314,173656770511964,173663136377425,173712220342065,172850252571548,173729723495586,173591175233097,173670185790545,173740781231432,173481169077759,173588520873105,173635127692734,173720823304039,173705499823605,173649521595630,173610528487912,173583093587683,173598334171207,173599771365357,173704262422423,173739578468222,173662167952299,173738270633354,173703932969500,173666014378134,173686166217039,173592546696914,173584647673855,173704522397054,173668794674828,173723233576988,173651849448176,173672664084103,173687020383806,173582968928657,173689280070520,173601791860125,173724412264948,173654481641048,173664670413894,173736761209353,173736976243743,173744608281615,173616128821053,173692836742024,173737537666692,173598115154577,173150617773923,173645172735867,173705817319227,173669822238847,173637280461234,173742408714060,173546750408757,173650096987602,173740062432586,173634124905765,173641224987380,173701419176580,173616020114638,173617650566629,173682524603145,173577011830928,173584330875314,173601526690671,173687215547929,173702978039957,173704267687431,173610055924536,173721971437477,173738649655998,173668977228989,173703305888006,173710984786978,173730080378456,173273202387468,173603986956199,173666966159442,173587018335305,173615763942671,173745353160712,173598118012742,173706454177526,173602082872587,173616366101769,173650645302727,173669639860621,173711994580211,173714180277809,173726158940635,173740757346517,173642431886139,173653689237946,173504766344380,173695633930292,173684545393342
Mismatch Out of above
------2025-01-21 17:42:44.235--------
173710869955296,173696754428716,173584823685617,173063815895270,173617810829516,173685604570826,173608285117134,173652466617143,173694710216876,173566647766283,173729407075860,173321488489725,173674952442616,173616598793903,173731582758071,173597052626049,173609150223196,173650925856143,173660934218265,173720339178180,173689003085427,173711987810313,173625443906613,173602958087277,173740352257989,173607803087711,173718487914116,173739769638012,173728181066401,173711393039216,173487740268717,173677157685767,173598753654545,173627545643267,173572586621751,173574459597552,173610988410568,173688888210146,173672643729324,173651632987205,173677451400670,173700928255574,173593475811731,173737075734326,173740982825065,173714600586446,173626764029800,173633521076502,173702115280110,173727942278638,173745211706344,173624046844241,173642668796748,173624230832576,173635372838785,173603237521879,173615968094642,173684896711375,173134948686378,173592588482657,173633489159280,173668512737991,173741458996048,173624494955528,173737398476254,173010097660258,173732012469702,173736469848812,173575152662968,173699478183142,173720791096859,173731846774407,173591088164677,173731838078281,173589634382443,173678386496763,173643655538548,173683713273366,173730739918634,173677582332827,173670203538982,173731951827903,173670370066834,173694636162772,173721584008905,173736807632468,173591425729078,173642732852723,173692716969837,173744164117585,173695817644934,173699306751184,173679503388481,173603567227425,173685731996843,173648739533487,173698082945691,173592823398899,173662654636074,173651751933283
Mismatch Out of above
------2025-01-21 17:42:50.227--------
173745383708094,173642953426590,173610139691039,173719645545037,173739024128157,173628719816874,173629859120317,173626014964025,173612578932679,173647197861648,173736334556621,173623668236769,173635082504807,173725401794977,173584205143056,173722261122324,173584856359526,173584594058717,173573890077244,173699055303982,173620563187023,173739123279493,173687924288137,173580533627166,173600172089265,173693297719043,173636440811932,173694372967530,173737657967435,173451559585586,173585832624869,173619473512207,173694891639648,173618846272644,173734878973669,173328546375539,173695440296126,173678452305311,173677548603075,173589514873397,173603555643380,173737397653110,173577568385735,173635385314689,173378319319940,173701542901797,173581075959199,173590766160481,173651900198514,173696915758497,173675738539074,173623748188884,173630706234581,173703788210698,173706444760069,173692948146490,173731928372517,173667943960243,173619021262582,173658303371140,173663152084758,173719754374727,173625470993446,173216914107692,173624565607362,173723854102104,173636505492001,173670889645107,173731477975917,173667973929755,173671595528579,173636071601305,173644925363715,173679703915799,173744836315743,173583958831766,173714259942902,173729807531159,173745457774695,173685741924421,173621394667430,173696372470701,173643506351523,173655502212107,173591383193506,173669704841296,173694753618852,173595072184272,173621574072645,173698334831751,173706041287045,173645100554179,173630597407923,173732465048319,173616976689259,173672384339186,173699365839197,173589178256535,173705941394661,173588910309586
Mismatch Out of above
------2025-01-21 17:42:56.307--------
173628862698918,173661188137803,173608721970783,173588928971970,173610155234067,173625956873421,173634726967725,173641912167875,173594897007259,173677866851054,173663433049796,173710486591152,173677930735341,173720278819697,173689553915977,173667823198135,173740545243980,173639347080155,173671850886439,173701946592332,173644477419137,173593308944326,173740772503128,173590524664995,173648726237380,173701471792217,173601396099993,173740394411226,173718153274084,173675791089632,173584604960984,173661614146508,173575479294369,173685971918733,173732534915996,173672373702251,173609080213846,173701546613166,173634114191595,173585840150749,173738983844813,173357913680680,173671353946143,173678366884846,173714156341860,173618118839642,173572919851239,173591674243654,173340787983702,173623182449627,173635203222322,173582138015484,173741730606128,173488102661940,173635521803041,173713174129542,173669067339044,173675386793093,173628100035257,173593110819567,173725586872146,173688775677997,173740405218406,173745040159004,173636669190148,173684515905306,173619001338918,173738008815764,173599715211723,173722613953007,173654743366260,173740412422418,173702424197295,173697574553112,173705979616160,173642998183158,173718795430703,173693320636543,173706150103850,173720705547429,173641953097281,173694909887741,173444532025407,173619019441465,173669862056392,173729208275031,173693126564972,173732681509914,173618857875655,173661301635603,172846493734959,173601019383328,173615974883618,173626900254958,173633473482838,173593156164727,173627461091601,173679904827669,173687766400848,173599650156192
Mismatch Out of above
------2025-01-21 17:43:02.608--------
173645607227816,173702413860278,173719444297886,173720569588450,173740591336204,173593758739117,173741725639439,173612582573944,173655415394747,173615013295614,173618239601852,173288308556708,173697186040753,173591437349988,173697521357443,173732482767012,173702679950290,173728285745033,173731531209139,173650101973608,173653834885252,173727780274258,173731568569212,173580142689327,173693711062222,173590509263414,173635697563977,173671489757371,173672787329081,173661117151155,173610212849147,173696564662411,173622847530589,173719449038043,173675379320785,173272519886902,173698267497140,173702359632999,173581410162222,173618415059993,173686054727933,173591445325426,173731978428510,173625709206617,173744839125956,173739098468279,173592695654590,173736406806956,173695353356908,173581004788343,173321481131953,173582902678232,173743103383520,173584065745906,173646482299085,173584348011576,173622259597940,173680322939623,173719715674301,173696157427431,173710788543588,173600307178506,173635284605926,173588968810317,173626514674372,173668614968560,173625062771620,173729309577992,173643079746369,173652041947923,173703378372468,173713838337420,173338681115229,173590879688962,173591528859917,173617555331055,173678308838894,173694494891255,173703278202146,173698983479705,173445582416245,173711136468322,173713711187006,173588956336196,173623859066788,173687850869334,173706325501544,173646660679494,173494876412199,173582098920661,173610180247993,173610724311577,173618579343827,173686290927860,173646332234282,173714064012034,173591438700297,173645182539985,173659538360432,173687208222098
Mismatch Out of above
------2025-01-21 17:43:08.171--------
173624023702286,173668162596597,173646235988895,173698139607116,173688587116466,173714843043062,173617969535766,173608270240147,173720207686328,173745402776581,173589501995638,173722718696771,173592564332036,173598403121130,173618358148913,173659647628694,173649903031055,173686946458660,173705544428917,173590325491272,173683720234768,173627033659467,173620195129248,173715904407283
Mismatch Out of above
------2025-01-21 17:43:18.227--------
173659539329467,173585493260069,173433444777654,173664800906803,173672203264755,173603071131508,173744125222853,173671383460426,173608637778528,173586086739455,172421379318168,173625518120955,173575899821609,173683178980589,172445987675588,173616966773049,173658966739937,173620672685833,173699607650274,173678460196586,172376596780703,173626806665812,173592385840754,173607017962546,173643493959159,173649279449337,173241447621743,173631094884604,173683031791290,173693237322516,173633230840946,173577476915858,173729654309525,173628050239293,173611209055356,173703956193820,173098260821963,173638585327138,173732269720977,173652254158723,173560056299604,173669094070784,173688136728804,173643733998723,173590448655829,173646967078132,173569691786760,173657981706785,173096299846157,173584068017966,173723311527536,173701736520620,173633947499499,173627627754417,173608915475603,173636985079780,173674292813871,173593711916559,173609498043571,173645024665049,173712371662561,173597166216949,173573126971381,173726448787863,173606926777786,173609345073307,173610966024743,173701328128638,173671020117744,173654281219957,173422174808650,173591540029226,173644847922601,173662735986683,173724716600638,173190709624781,173604632692614,173593243008075,173637188558674,173630932777073,173601252298254,173620628923699,173575198752971,173741719510751,173671431395976,173618150937133,173591118005112,173699580898153,173723388046775,173636690612364,173661253679446,173582802664544,173643525305394,173215932641636,173634345443913,173588304112711,173592105920373,173610630568505,173671402083117,173668151192441
Mismatch Out of above
------2025-01-21 17:43:30.309--------
173580904808100,173589880456500,173624835852960,173694957545369,173583086533923,173650418538616,173668077125032,173580929923334,173616375473025,173711927629400,173581336889575,173583653899302,173625779862086,173581927558880,173575681467300,173711231265490,173580641146543,173606865896995,173611858515090,173719995183799,173729348405228,173585903229094,173607485407444,173737551764716,173581543250193,173686944674792,173582018556073,173590442633416,173581871375748,173577299812818,173606852087216,173701786617002,173572696226118,173677256738970,173703765303791,173601087302521,173583358617581,173700604502883,173694928481870,173573411030941,173630982000786,173589881891933,173680357028383,173583481303546,173601536597537,173582647192155,173677840991482,173716978348743,173581805711068,173582609313358,173583699534246,173659611336245,173580827614331,173738576962949,173711242666183,173607889264947,173581426161884,173684573737965,173685709947678,173737127450315,173702336624986,173739668833523,173580648737941,173591152999678,173711166483831,173615969737452,173625747326748,173659454185435,173671181206664,173589502939062,173694063996589,173684886053187,173582702432039,173580975164320,173686307477885,173581950266144,173592107806319,173606872104543,173668161784331,173581825843382,173694906089903,173713181642942,173614718097040,173580868109031,173599474463414,173641414436170,173584331028949,173582122471191,173580857355727,173686556141372,173606839153413,173675806339987,173737788194940,173598640366521,173616635867510,173729756821951,173676328565951,173590053099477,173693238111424,173710996477454
Mismatch Out of above
------2025-01-21 17:43:35.836--------
173581743168163,173615992747049,173705567918132,173615664108061,173650653154837,173677082991698,173632836220758,173620992981132,173741206446176,173580623084964,173580304235013,173639370994699,173711663877635,173675272164123,173625700739796,173602106307154,173677847629646,173722008404741,173632753620283
Mismatch Out of above
------2025-01-21 17:43:41.485--------
173574025861294,173658102528062,173664961102982,173732894110094,173731852817806,173678188053898,173738161070077,173642148229162,173729481311547,173719416406936,173737269799013,173727629276493,173699274584061,173738171116325,173627826876118,173732593483271,173608131720479,173702783488130,173630326764848,173581328768570,173572917546506,173720937714071,173738042657092,173585119247804,173641411933628,173582481462823,173648127646637,173589747878050,173708205617974,173591365699269,173626428916641,173699725712250,173731031809796,173575367564135,173641996036601,173675736126791,173617032893593,173659817866331,173632262759495,173708213958084,173591764053753,173723256121217,173643008666804,173576667245830,173585496358660,173639261238154,173708258498841,173585480247105,173736897589416,173582163705339,173572869122549,173581538845526,173708147978989,173600523332290,173635903004575,173636509766281,173727977641063,173673634320615,173582241864200,173728175366154,173616942314506,173700076733029,173580832891428,173732410345876,173701142330039,173734678951401,173633915846815,173730214011051,173684976285216,173643080105848,173729319239300,173712567662717,173722237136842,173731239506285,173627234594219,173700141160265,173685609690326,173589267698933,173591370950931,173582042498221,173574418906904,173572159384821,173586003980769,173611680325851,173591343736790,173575885933274,173687035453250,173742494769203,173575130769839,173606433614968,173584090467110,173730251639809,173585829295601,173574178455171,173585672438223,173693921958180,173600521426068,173700134702094,173693115694106,173704017199907
Mismatch Out of above
------2025-01-21 17:43:47.064--------
173708269498121,173644897549221,173573664275871,173661630884923,173708304191148,173580496811936,173582113357440,173693162651780,173585420130804,173635390011724,173708307541090,173602191527204,173617436486638,173607697880210,173572741702608,173625054268043,173646648567547,173677737643932,173705879836960,173601736882201,173571491564675,173666771116720,173708279722068,173648842024690,173700073022315,173575720383728,173600520489996,173592514297803,173727176514584,173659958110476,173624019785996,173580375067322,173708283279708,173578340546379,173714520120497,173704011369474,173707716352554,173583519185706,173736866556438,173708287133860,173708275918599,173603424760946,173583988758105,173572481864566,173614369040064,173730503175364,173708135312579,173576427520930,173597700034739,173601008547972,173681244899357,173594689828228,173699294881908,173708255235637,173576397019563,173731527203290,173673711061229,173700137746062,173702399574862,173708296263819,173583519078907,173633307579534,173694207948709,173630575602435,173594761930401,173670929718955,173573490835534,173683411782397,173643471484728,173730622431310,173617570658216,173583058867729,173641342476055,173572909960315,173688529879816,173668264551324,173708197114457,173605623818012,173577623826867,173600516823630,173643032977177,173667269177865,173601853302227,173586650163094,173604361060345,173602955409384,173728616150545,173610985198180,173580881076447,173632581395987,173699282272734,173602040083734,173699286362307,173585801183016,173620400043811,173743957254973,173647003722743,173573836799627,173707715357399,173731444025872
Mismatch Out of above
------2025-01-21 17:43:52.622--------
173586261433002,173703417001362,173678941134117,173591504972596,173654505183098,173729168649807,173652777160877,173582489221337,173689660904571,173723651415033,173599012449131,173736407068367,173718932200609,173587552625731,173611782393510,173584638481459,173708265940106,173711267201574,173680012903915,173684826809793,173694491016019,173735194204323,173739320427073,173609835795152,173575930850800,173673817891112,173699411055769,173734686957401,173637835180655,173729122286869,173727880766582,173573739239472,173584333153026,173612012230937,173696702971533,173699131796002,173727329300167,173622058331109,173673626571334,173739415317140,173644402374202,173593776772260,173688590359866,173672227862026,173673615302927,173739316164395,173742302357668,173712653906306,173569856797149,173685329450413,173736167412098,173607320646093,173730463303512,173639614173561,173686067100111,173581909273345,173611671921436,173677018327988,173739825998906,173591369712398,173690091335488,173634790845942,173660303228894,173587368015891,173708310947681,173599092298727,173726951577868,173704140020682,173712017675146,173573339943763,173723709056698,173707058471632,173687307096742,173703767393270,173673629819799,173708202236616,173646107177941,173738045514290,173605881993133,173664028624170,173692123255945,173673642798512,173607567718354,173708251158190,173575883327215,173591333492352,173712647183747,173580715692722,173708128648565,173575325995236,173608943945688,173578515227348,173608956792816,173671575506081,173618778618590,173672703722944,173682071726907,173656321025444,173702157740886,173728105534506
Mismatch Out of above
------2025-01-21 17:43:58.526--------
173602321483397,173699345091490,173678505883550,173688295406301,173704202624996,173589796437764,173678748098214,173576013118895,173573867582677,173582302690883,173709606452835,173648845203082,173731387433450,173605422561723,173685126471506,173703853900179,173584806800758,173581530581581,173642417540309,173576255373788,173586094418941,173573327374603,173639312851779,173693272794956,173725928868581,173731531112613,173696506974933,173701690162013,173707994566186,173696212079837,173638740936673,173628248882681,173663443966766,173617861287634,173687542187827,173680580790524,173676144627249,173616675461316,173728257911602,173684252343959,173721833441062,173740403105183,173647724073729,173639145552983,173728401260698,173732244622211,173643059001016,173610985205048,173657758905168,173594338710394,173694592324931,173575515115647,173590418318851,173595783599767,173627051622489,173700144687910,173575147097793,173625923121102,173678966171719,173702157673574,173584301533196,173584506612321,173732918351179,173648849412012,173665260478205,173677067102881,173611703170496,173722869305784,173581318944557,173598989347667,173673638738373,173699290899960,173583399910267,173572725504974,173611679917642,173675151863543,173581320151542,173634735392574,173620340399269,173669069135985,173598838731973,173699139504436,173606186489993,173589196896349,173684395940035,173669236060066,173623379631375,173701851642023,173638298063641,173739552365874,173643462839104,173668884904510,173693909939110,173667327149436,173668380253587,173674937743467,173688976845901,173589656123222,173697379274547,173699143187168
Mismatch Out of above
------2025-01-21 17:44:05.041--------
173594037929371,173573395472747,173626191422538,173600538147069,173668839144499,173687137532286,173625024826765,173577743017719,173576914601362,173575978958101,173571659983350,173584322586687,173703843296169,173663361717166,173577914995383,173693263362494,173592660090495,173672047979861,173585664149844,173676832666110,173670068258213,173609878540161,173635391326650,173629929570450,173731005582659,173585770012849,173671259805081,173708246640187,173700091303978,173611363251415,173742438496966,173578209756467,173602473644469,173577189964515,173736396783425,173577600410555,173687346421671,173579036715564,173571787599089,173574147093687,173673435860484,173699278937212,173686053969334,173654032883631,173717610258048,173581573183414,173581338519766,173578165476668,173681914874048,173700130510345,173705162845196,173591920895969,173732125217773,173623249557408,173672486513175,173571863466198,173585212895747,173741083852923,173592130482221,173684879783351,173676672965499,173702292626640,173618877616156,173725633878198,173616792608705,173708292382212,173668398543471,173591375944147,173593756979801,173720095035034,173640670237110,173728904869613,173574511783009,173700079996835,173700782303406,173622063221564,173575043644989,173584256833270,173704142801961,173612015405956,173582938969116,173585539636712,173643385243317,173584732549923,173718180796560,173587721766612,173700063708731,173574220771292,173606994141666,173667152577134,173669879052451,173668117585573,173721605844343,173591553038654,173703604697602,173628139471113,173633350572982,173636719639339,173588281290657,173700070065490
Mismatch Out of above
------2025-01-21 17:44:10.943--------
173738429892570,173742491255978,173603037242577,173587520538829,173606858992271,173702063454197,173574418025784,173609232023611,173673622799053,173587041701800,173729583749664,173728926674118,173741295070901,173615382804626,173574075110470,173594042919288,173729562321460,173741685682236,173730220873304,173585416277079,173600531644984,173708262175811,173730226784753,173671348975462,173634683581857,173647133054470,173708300465411,173578209666044,173723071362139,173745266817000,173575495000371,173730824345213,173604858640330,173736672349586,173586540787048,173730210429129,173600359940009,173626759648234,173677247641649,173592210137782,173739328530441
Mismatch Out of above
------2025-01-21 17:45:31.921--------
173570103177292,173645190230624,173744839983499,173619764340058,173660102009829,173591130224865,173643909155593,173618928586316,173736844786143,173611320319250,173589257121220,173643286680568,173586264058777,173628551155644,173720369678241,173591410541574,173590706598359,173593563370211,173723789983080,173628357099919,173574144182748,173589935585186,173582727648298,173698871763813,173589394388941,173598218759330,173584356972684,173639087033201,173584441515566,173616180274716,173650942328172,173620314590033,173702060225242,173580414600997,173573890171847,173654979072976,173619376570117,173731070931601,173679617604772,173641025030887,173698304661923,173736768591303,173627633708089,173687392368915,173627889164179,173591382265467,173668991721295,173584417338999,173586049389851,173655743319423,173641901741986,173704867950376,173572416132878,173584301572847,173598893042138,173595348077933,173576520246416,173718426969063,173649270848330,173594290272526,173582128211664,173577113155561,173729570432300,173618649926525,173741417904384,173638512234839,173572380677215,173573619945038,173738258449298,173571808112396,173712827872508,173607050482970,173729546541825,173678316438274,173728051979915,173636397781116,173745139133400,173652523210672,173671667891858,173632785008467,173712227825233,173581304317459,173695361686382,173593958029376,173635689129859,173632652632646,173585013149700,173715046355220,173736330907198,173688252198162,173597763171637,173584571746951,173576004954756,173636570473747,173740800939150,173619541211456,173605607165395,173646621968471,173644679260270,173588658042448
Mismatch Out of above
------2025-01-21 17:45:43.374--------
173719053456993,173628240030709,173627042378441,173704430852454,173608307248412,173589967113154,173607851899840,173589484203793,173618820161061,173649922647573,173603225549358,173713605249635,173694975262404,173641837465015,173616798980961,173582076418980,173570640625003,173586642509473,173693587650645,173610654189776,173696125050605,173600989788970,173582252288555,173697544829321,173729609733282,173593044089718,173684728163294,173584513507382,173658328162319,173711391379891,173669048304976,173607365484638,173585617878283,173572944192595,173692935962215,173576493414970,173577111585480,173644257165531,173672775327470,173736711929661,173719118428684,173620687706245,173598683720943,173636270579330,173616923771558,173727853968713,173620820468274,173585274440600,173577016417459,173583225867084,173621660225693,173627035309440,173597786869074,173577114817040,173695401103051,173594107789466,173581678847000,173586992924327,173739742955903,173616361546260,173592529392866,173610318119245,173688512677011,173578278369328,173590606290654,173575633262618,173697083617538,173620305108368,173589395526362,173593395566385,173575782920520,173591611266301,173676591358839,173731028078861,173720565930916,173701793248740,173601183758720,173618211895832,173723194915782,173700577409871,173703847266118,173641559116390,173698089146271,173686825728603,173593087426349,173636978565030,173626504897175,173575832613166,173705597150904,173652930197900,173626832520271,173682945473434,173628844779561,173739914227241,173586091520458,173625131341224,173677068456710,173651112584082,173615169902930,173572448619739
Mismatch Out of above
------2025-01-21 17:46:01.095--------
173675865964102,173736536484963,173615963163053,173580960916732,173711256970223,173684664428826,173687326034001,173581407728394,173676354784492,173677279953291,173711721593550,173616399765655,173606830745726,173737192850276,173619046679055,173719928625704,173656776141192,173598598683667,173693733277980,173710613846591,173650697113826,173676850116627,173675464125317,173658359801943,173671680758878,173731171633660,173580848476045,173732755869193,173688302273499,173572899256977,173591403175581,173633629853276,173677200566642,173584538117403,173693780277697,173710291224128,173659887614524,173573486344739,173719709661631,173731971690379,173654979922392,173736623093088,173719403303194,173736455284703,173628411398774,173710788908801,173719754083253,173730735845439,173677803341692,173589994553301,173642690141543,173658639525772,173634411824162,173693565684219,173724246394624,173658958056281,173615255450398,173616311158604,173606813658460,173641720694215,173736631942021,173676389441182,173615955945039,173676492608319,173719194295508,173617362635077,173620780044248,173675180757981,173714061757654,173694944439322,173581416667276,173581399255948,173655018133384,173663569615397,173634996432608,173681550119294,173711653653283,173592114504470,173678692401319,173581085326390,173676473840804,173624589821665,173711156705019,173710576524482,173732984481685,173711308472088,173634011187621,173679189985556,173652937192063,173741270059593,173624482797515,173644313792898,173710659836657,173658919559861,173740375172610,173658801604326,173738552106575,173615460785577,173710979890237,173650144518496
Mismatch Out of above
------2025-01-21 17:46:06.705--------
173615979053101,173693333329289,173732061419940,173738028711447,173735524700167,173724954357408,173720429744297,173702555903845,173617535528905,173606860234235,173702550239164,173713682032483,173620276569587,173621636916709,173701808171532,173676456559639,173650362017135,173676603583016,173715129845935,173615985979224,173702801267798,173627433306393,173744881671335,173616000302809,173718684733280,173659865630943,173621646740871,173677679250514,173641541903393,173671986989048,173732388564448,173706776656680,173713640713859,173580911198762,173676288327059,173623748597573,173715303531949,173677796325723,173642017096403,173694937773165,173572960869413,173671656519289,173686637645709,173736122260897,173606823865236,173584374128630,173624644198737,173680500383885,173609620343498,173703542287714,173736234660328,173737418246310,173731052784329,173658693525982,173641792924442,173572792210829,173694918748789,173715274950707,173677814731267,173583342045106,173583974334622,173585026474252,173732205667311,173719026530172,173701652141061,173693511245327,173737066584219,173581239382836,173677820421233,173694232064676,173715201906521,173680295034082,173576026645838,173711914207420,173737876078697,173609609839348,173624298863912,173633338791218,173714191204856,173719731185674,173704143285084,173685824280413,173624122210269,173722858067087,173633371675383,173694951395365,173580897735429,173580296147472,173719247043692,173745542328613,173642041784297,173580616938207,173709883741298,173677787462326,173686624084095,173641773764475,173693502904691,173581354868415,173710513759664,173693095365226
Mismatch Out of above
------2025-01-21 17:46:11.866--------
173606846861694,173715044960789,173676298336561,173623952467993,173719498477915,173655081037983,173615578289028,173624120526704,173668027957211,173676774287749,173710576047854,173715577037081,173658790972518,173685043732479,173732358086095,173590017724130
Mismatch Out of above
